1000 9890
765 497
8 777
622 362
425 438
104 115
198 786
143 36
845 394
422 421
498 823
746 408
143 85
290 555
845 283
355 19
268 906
485 668
293 297
296 451
60 548
332 257
552 199
482 498
28 10
543 869
605 768
75 97
226 911
943 464
192 241
930 733
787 828
56 306
904 992
762 924
890 201
504 900
780 676
87 783
170 617
28 351
605 595
986 727
71 283
735 816
495 703
227 745
212 147
675 541
216 562
603 815
16 29
376 11
999 93
892 979
549 286
275 873
24 679
727 695
638 374
515 275
721 634
479 251
935 539
940 947
883 495
779 503
90 970
343 428
626 520
739 965
828 536
243 232
360 332
113 564
65 649
868 129
640 189
824 458
987 22
254 571
203 519
935 462
773 511
721 966
131 671
835 74
376 677
683 398
260 341
831 30
778 406
484 907
526 376
51 616
582 836
659 361
327 303
367 990
228 432
51 409
255 601
570 903
167 595
911 948
290 958
703 310
269 340
747 130
259 322
27 174
717 801
624 802
566 645
239 907
385 950
193 331
532 652
539 184
688 898
919 77
981 500
657 486
606 3
364 410
662 785
558 870
547 499
639 89
966 507
75 550
885 249
914 753
789 259
737 50
443 344
819 958
233 243
505 630
591 56
222 693
598 944
141 657
651 204
779 19
984 883
533 224
139 780
426 428
267 44
444 932
673 854
581 677
485 272
488 12
640 153
768 78
748 753
534 980
906 327
873 776
820 769
911 234
507 945
20 457
683 123
170 90
688 403
14 235
397 673
181 890
437 736
596 671
27 364
389 781
212 672
325 655
640 709
588 11
809 818
536 918
22 673
648 240
423 610
227 101
85 15
378 251
108 416
200 939
368 61
847 959
961 8
530 31
715 25
454 207
574 172
295 205
109 103
305 701
179 228
363 131
648 445
779 917
709 732
785 4
326 164
218 821
46 231
528 290
372 47
711 837
218 932
628 595
113 733
614 474
176 800
136 975
619 112
433 51
735 558
791 264
140 958
3 398
845 191
819 624
110 615
386 397
6 866
483 659
138 314
746 166
820 673
807 485
332 971
595 823
471 496
792 49
544 914
137 348
796 852
987 94
950 326
219 456
522 73
685 747
337 773
971 450
366 504
958 220
122 612
183 591
587 562
809 524
863 705
539 695
389 208
7 673
531 987
106 967
403 332
8 444
120 781
653 532
835 433
288 156
53 404
806 242
117 705
464 573
260 865
361 800
251 500
469 309
495 587
364 173
202 208
576 973
523 954
359 362
126 627
731 831
663 146
973 982
594 388
780 334
829 247
282 106
391 316
527 624
624 167
254 358
770 199
865 195
278 982
500 34
373 348
525 111
430 781
412 872
137 851
779 748
11 838
712 729
340 762
943 710
950 230
823 108
58 422
558 491
7 35
861 330
555 547
629 990
157 323
806 880
295 245
388 553
267 924
967 711
750 685
641 143
436 829
494 111
612 694
765 496
532 87
742 896
636 387
138 786
590 372
204 23
377 957
696 967
554 301
440 133
721 276
960 972
856 525
910 494
401 262
695 824
789 309
648 825
77 577
652 865
873 738
408 941
246 459
672 30
68 189
971 42
22 984
593 636
61 62
824 991
269 17
37 53
648 486
5 535
634 211
212 45
361 941
947 178
257 634
373 30
600 78
874 597
1 637
25 375
334 747
600 253
214 909
931 887
809 343
224 209
830 703
660 168
401 913
533 632
663 791
24 352
991 904
321 997
27 559
908 492
323 660
141 539
201 368
603 593
24 727
97 295
903 171
651 338
562 586
552 301
699 78
319 305
121 538
256 105
58 45
558 262
178 400
883 193
394 43
987 248
864 877
64 939
996 378
335 680
764 782
309 13
536 511
721 965
688 138
137 404
411 597
379 217
752 861
751 97
238 12
319 349
186 683
958 773
206 558
651 879
755 275
685 580
817 724
584 681
893 417
403 279
189 314
616 90
65 244
764 434
639 806
944 212
199 129
915 432
956 540
958 502
545 179
191 722
213 150
951 904
166 308
86 511
541 585
111 959
967 307
805 212
576 164
630 107
445 690
52 266
66 666
269 791
73 238
326 200
889 12
321 762
382 243
845 713
793 854
131 859
390 708
282 469
709 426
106 241
918 238
704 294
10 507
102 77
958 975
254 152
384 284
59 922
500 291
617 660
615 129
362 483
894 664
879 764
182 68
195 219
106 290
16 966
430 18
239 2
759 971
975 702
671 145
86 659
381 365
988 682
129 923
739 756
589 106
800 563
989 816
377 900
382 812
123 248
466 731
358 833
270 231
381 544
826 415
942 789
824 180
420 519
122 742
55 848
212 673
821 777
949 324
697 283
389 925
88 798
895 573
792 151
769 791
597 163
636 911
565 389
770 559
110 127
299 817
283 468
601 81
343 860
762 243
491 73
148 862
744 583
763 485
601 450
50 72
88 171
737 770
86 963
938 555
10 810
727 939
502 506
13 421
714 50
294 977
887 973
267 294
71 559
162 592
243 577
789 437
956 330
794 29
488 275
121 263
729 576
541 848
770 2
440 993
827 223
519 765
405 45
157 604
177 390
439 770
943 658
587 548
841 888
716 892
745 373
901 55
617 769
727 348
86 588
983 822
107 995
833 809
464 212
561 250
245 881
46 898
379 419
987 32
570 120
851 529
301 592
267 960
416 262
347 318
789 700
630 858
78 557
959 108
358 733
40 688
807 40
886 611
190 58
247 63
43 852
528 820
322 261
363 435
200 889
97 515
539 468
441 625
392 862
907 892
956 614
420 793
562 734
445 442
621 193
435 785
435 252
917 832
517 262
296 150
840 851
433 483
179 195
18 703
248 478
364 332
248 333
853 752
397 324
329 12
311 228
370 439
614 455
836 581
124 855
608 684
571 272
275 847
336 943
278 838
64 350
33 897
909 864
624 390
618 172
157 544
999 281
802 951
617 849
157 465
619 266
384 115
262 116
121 750
547 966
555 435
457 748
229 112
487 824
76 485
24 184
703 856
747 652
270 445
739 524
780 678
394 505
324 634
533 362
142 141
830 292
925 16
639 956
786 822
276 628
761 806
227 222
134 638
962 23
855 960
87 442
493 895
520 357
28 4
356 393
48 842
378 193
909 378
794 746
436 481
847 961
705 936
298 270
635 43
347 887
692 833
273 213
493 562
886 11
687 78
202 68
165 848
909 81
362 270
698 740
623 905
330 224
314 749
5 968
373 142
318 338
766 687
705 622
511 304
975 97
267 366
641 701
899 357
866 752
444 606
174 307
214 876
914 794
662 196
665 160
757 330
334 53
266 829
659 830
253 187
693 265
23 651
7 6
897 102
916 198
664 791
387 836
512 347
340 876
180 761
785 809
21 279
111 562
962 439
841 530
16 266
493 287
59 573
703 892
372 684
125 820
200 501
163 715
223 475
578 758
704 933
635 907
82 521
622 247
737 730
570 786
493 65
77 770
919 166
470 467
273 885
40 648
226 847
284 19
36 254
344 318
87 606
473 669
276 767
481 635
557 794
961 433
544 391
174 582
85 105
691 249
505 334
717 596
611 465
355 239
946 438
628 820
221 746
921 716
154 293
136 360
414 914
416 744
274 650
134 934
249 82
156 746
503 733
199 708
844 575
774 930
991 696
539 43
709 375
1000 773
692 635
783 684
224 271
301 389
103 57
106 879
898 121
175 525
931 995
988 240
625 650
559 747
475 348
383 639
380 727
642 148
997 832
210 370
24 633
185 848
702 751
189 808
685 995
872 758
997 34
779 243
590 51
823 746
238 446
739 759
694 893
273 567
751 900
241 251
705 596
942 848
651 650
397 590
881 299
735 400
368 706
687 605
579 188
428 656
416 72
476 888
890 442
907 962
791 608
943 293
673 257
330 868
368 63
350 45
204 909
406 689
227 500
790 555
944 839
665 245
4 283
579 649
508 781
680 976
719 401
424 174
136 610
585 853
88 347
14 583
71 626
178 916
173 158
150 246
870 769
794 397
335 933
435 893
701 618
867 862
64 529
585 401
383 992
353 752
298 546
854 983
345 709
890 939
724 659
85 651
15 797
529 383
624 341
462 755
157 159
215 905
937 683
521 420
333 382
545 318
543 735
128 314
4 645
167 251
995 458
685 634
355 875
941 912
377 935
468 586
289 361
398 437
806 278
735 500
886 608
815 556
122 792
892 177
950 529
38 255
21 771
26 671
320 252
551 439
402 234
5 287
374 214
438 829
75 106
17 449
1 964
927 861
799 798
269 13
753 840
517 261
23 476
192 984
785 85
934 886
352 670
683 690
443 841
835 783
196 905
735 767
663 114
425 608
729 562
823 328
292 784
884 842
754 440
278 839
23 25
418 858
681 704
756 140
166 904
776 684
651 296
249 582
512 594
106 89
681 593
976 623
774 438
635 943
795 161
923 700
728 532
413 838
44 709
71 922
161 936
578 862
604 238
474 455
422 623
135 270
626 965
320 784
7 848
779 723
629 259
773 297
425 443
928 462
548 731
623 129
475 753
556 830
82 949
319 800
700 785
424 524
668 311
14 161
958 472
191 459
948 214
60 866
626 280
187 940
723 718
868 301
174 666
1000 765
948 325
753 923
809 921
113 260
185 413
307 484
18 785
97 776
616 572
736 673
737 728
297 367
740 965
279 203
563 68
220 943
838 62
951 757
623 904
497 118
408 619
481 139
679 827
757 55
903 391
631 514
210 986
266 984
619 58
177 227
508 539
144 500
509 206
805 993
590 585
667 960
82 160
373 431
28 798
605 20
515 276
462 111
229 288
410 458
253 186
988 51
845 918
920 275
1000 416
423 320
23 650
81 535
748 710
91 432
51 398
738 665
940 61
228 895
822 755
918 45
777 616
299 220
727 244
806 290
902 16
57 801
545 373
484 39
135 845
612 315
960 780
759 692
941 583
894 633
103 217
256 471
21 601
540 703
752 573
313 411
612 25
412 89
554 449
747 439
282 637
458 611
450 695
235 695
326 258
611 464
100 939
360 696
476 554
312 699
95 208
460 595
562 743
156 884
692 806
928 138
14 334
108 93
531 44
753 784
330 35
972 502
666 697
313 855
5 521
580 967
714 141
503 350
737 740
990 214
314 543
500 800
586 451
931 3
109 726
889 18
304 424
782 621
434 807
392 177
679 991
614 396
617 632
658 508
714 510
767 802
129 428
457 879
314 3
166 992
710 770
34 483
995 62
411 997
920 448
900 830
907 202
547 163
931 192
970 550
366 935
811 630
409 750
86 550
305 397
24 467
522 382
760 989
851 390
637 425
506 925
270 600
197 536
442 796
110 283
646 983
370 252
668 699
280 236
281 597
543 341
730 876
803 760
167 65
320 856
686 679
601 761
357 339
988 603
424 934
901 444
995 465
445 976
707 485
638 527
330 560
865 561
368 338
555 70
104 706
134 583
891 110
99 927
838 555
674 968
159 912
240 156
506 192
66 824
13 799
626 288
402 278
114 524
431 225
334 916
26 461
282 883
710 275
144 880
865 474
205 124
662 833
790 266
258 155
946 12
692 600
641 986
272 99
623 960
572 182
19 814
23 782
192 266
343 557
326 837
699 317
38 515
314 789
693 295
832 986
139 354
733 22
438 178
741 571
963 497
600 469
28 838
802 913
984 564
475 187
438 45
945 959
769 201
423 264
281 279
154 702
525 925
413 131
472 705
896 99
20 27
367 204
958 993
820 962
647 465
128 396
167 101
918 679
461 264
556 859
243 624
280 486
981 674
400 123
88 559
232 26
638 555
694 713
74 974
492 305
574 819
33 95
264 954
755 131
928 129
485 612
622 31
611 266
152 591
835 434
535 557
459 998
556 520
226 999
943 312
122 180
178 834
14 484
770 670
44 927
226 86
43 628
869 928
560 766
51 97
933 67
22 930
942 755
87 980
304 530
526 413
912 337
199 655
93 136
530 624
121 199
982 978
688 315
404 964
296 837
6 656
957 656
74 948
616 782
275 849
889 187
487 374
859 315
385 2
25 43
962 796
509 11
276 476
595 246
907 18
466 830
766 77
125 91
73 736
223 690
519 385
206 900
478 937
627 58
68 941
822 82
401 790
572 525
703 757
996 321
110 211
57 453
275 378
918 720
673 787
622 366
215 940
152 564
518 101
497 143
703 939
835 227
216 593
958 255
688 463
82 946
203 202
994 563
523 543
194 395
977 530
147 771
345 5
591 964
151 987
354 197
943 367
94 259
645 145
649 908
317 32
100 944
984 227
730 267
92 992
255 276
118 52
445 476
140 430
621 163
252 970
535 279
855 924
643 174
93 379
511 220
793 605
442 565
667 52
572 143
22 168
48 157
489 88
783 763
163 450
240 767
888 315
173 229
528 508
174 435
657 280
568 909
881 36
19 983
45 43
796 741
746 840
763 890
234 230
783 921
201 373
708 344
332 729
707 575
140 720
915 293
883 286
977 585
370 503
615 239
873 468
101 331
863 817
208 373
6 184
387 838
946 408
245 902
813 786
46 585
485 151
324 299
362 738
988 850
682 645
827 340
81 10
318 329
424 294
896 43
271 861
845 72
42 375
71 249
998 430
102 627
695 458
25 748
501 675
796 93
322 54
824 300
276 923
722 567
523 426
431 377
640 334
560 244
609 879
99 240
688 634
997 448
482 216
393 338
251 226
199 130
551 489
610 551
203 71
632 807
400 374
834 191
284 156
485 781
17 511
382 683
679 261
114 745
425 82
333 841
395 333
65 752
985 170
544 120
682 394
26 502
409 486
981 158
195 777
678 214
75 879
147 618
95 352
528 683
66 614
184 741
622 673
952 380
540 258
157 930
122 121
766 638
235 242
106 514
334 714
103 59
736 428
594 424
615 988
102 241
999 125
639 42
344 521
515 226
61 207
2 979
778 163
192 461
747 381
969 683
92 46
185 628
352 131
560 856
903 136
543 161
150 421
153 327
46 762
483 478
306 908
33 282
142 612
604 215
185 199
458 871
889 687
90 204
841 524
418 327
678 974
355 736
545 272
422 406
377 905
547 591
489 660
627 317
369 29
657 600
217 993
753 247
231 240
830 77
948 24
551 397
365 378
248 888
890 299
636 795
892 397
783 206
622 866
758 804
739 2
429 622
726 780
340 191
779 824
348 753
735 999
495 642
477 915
558 932
719 403
796 920
84 922
667 871
165 743
984 279
676 245
149 851
315 55
606 797
241 895
920 430
663 334
428 125
656 408
215 327
948 912
1 245
367 376
991 850
667 568
525 698
619 291
486 286
353 585
440 706
883 214
557 105
998 133
279 463
803 441
487 896
608 207
863 777
901 620
302 686
461 37
164 878
285 471
34 89
32 414
368 947
510 626
168 783
355 655
318 257
726 386
637 61
161 90
570 246
722 477
320 677
82 572
858 173
109 277
989 785
612 508
705 566
9 239
714 494
731 454
587 643
7 669
319 671
52 58
971 292
75 491
536 839
354 318
543 908
724 821
530 349
14 122
400 442
796 56
416 820
606 387
277 893
887 230
58 462
726 808
175 18
969 549
553 422
130 657
834 393
643 575
835 864
909 473
804 753
259 188
278 136
232 934
179 437
861 785
188 253
401 147
400 917
153 195
905 812
874 287
858 952
101 311
326 934
318 790
942 172
904 118
988 186
585 506
67 675
512 596
513 269
676 975
236 244
651 187
564 872
466 831
933 810
54 94
332 916
569 512
924 743
962 430
335 720
85 685
608 346
582 388
759 573
377 871
309 166
4 724
647 258
707 602
333 191
105 449
599 250
13 755
674 815
308 17
898 935
498 899
706 252
337 519
414 669
901 149
482 399
138 707
583 823
159 263
696 41
45 358
312 818
50 346
982 307
971 46
890 210
193 354
377 509
913 105
127 297
596 288
191 824
749 766
148 785
956 952
350 347
317 882
84 99
191 905
196 613
487 38
89 723
201 905
941 88
442 421
595 345
32 637
30 248
218 920
819 654
322 970
767 204
845 690
516 598
10 728
428 257
279 536
728 724
833 754
767 861
723 475
135 57
841 386
619 346
785 524
290 162
452 399
686 316
286 206
824 753
788 97
384 82
993 978
243 239
315 714
922 478
584 17
125 239
662 404
497 840
246 845
944 137
910 914
916 300
986 316
454 31
823 643
683 372
12 698
261 150
266 380
30 493
541 749
566 163
489 653
309 186
259 909
96 569
941 581
341 777
693 36
986 94
109 477
915 214
169 920
226 731
545 85
29 188
676 340
30 655
413 285
324 1000
517 135
721 372
212 649
53 947
75 435
263 908
253 554
269 335
255 698
180 510
679 260
888 813
110 909
152 823
523 792
820 366
970 319
437 986
155 25
374 399
875 374
530 71
142 257
680 872
734 774
923 28
550 283
377 10
71 506
114 859
353 241
746 632
304 475
140 177
511 320
296 911
193 537
453 199
978 294
379 86
732 857
970 834
405 21
45 14
992 101
993 796
499 87
300 92
723 207
287 870
788 697
71 975
1 986
758 655
157 406
751 306
862 889
872 761
512 314
8 585
280 238
565 811
837 566
397 873
46 594
828 799
262 442
968 286
451 333
33 123
414 936
608 497
648 520
976 117
581 168
497 413
801 126
323 494
281 998
265 425
798 861
123 109
285 822
821 228
952 109
660 806
919 571
479 96
601 778
288 117
416 954
470 365
346 695
833 318
961 402
587 504
146 254
222 429
499 808
161 987
491 444
308 670
903 773
26 459
869 795
249 170
287 480
934 841
849 947
670 508
475 336
598 442
545 558
857 876
217 461
787 601
37 346
805 385
168 7
92 382
572 176
205 953
296 875
614 479
154 73
303 616
550 539
183 966
341 469
693 789
784 95
949 699
989 138
408 323
712 817
490 195
413 877
461 962
372 291
82 480
38 78
867 976
372 338
855 263
884 309
564 683
967 734
751 199
39 203
738 974
975 527
924 563
212 358
983 16
567 337
935 397
114 27
735 47
962 365
411 529
324 514
848 396
830 268
977 808
907 517
748 749
806 277
384 582
470 286
4 934
246 369
302 583
329 425
680 627
171 369
899 915
69 481
973 542
705 960
887 504
264 154
672 247
394 773
986 987
83 709
598 228
321 840
105 245
572 391
69 460
98 26
979 511
317 252
65 323
984 39
359 353
465 183
662 752
519 793
442 543
518 884
931 753
14 695
259 204
867 419
580 680
417 990
490 498
771 169
448 78
64 291
27 681
410 211
838 243
162 624
35 226
439 92
653 262
710 825
569 827
72 893
241 794
37 545
612 895
676 560
708 191
64 705
660 157
874 62
488 909
659 806
533 833
761 287
253 4
720 615
901 725
191 880
588 687
73 631
368 833
740 981
223 717
884 265
19 668
910 951
267 915
234 450
452 413
793 511
868 773
565 792
80 115
564 429
506 693
73 802
437 257
669 118
872 126
657 662
414 627
840 756
333 577
635 193
929 858
288 78
694 602
293 714
397 812
701 438
522 731
853 235
284 186
643 613
479 748
323 335
781 463
875 508
911 892
38 758
763 323
127 967
636 757
274 674
402 495
850 619
458 746
390 800
339 824
729 192
821 656
697 930
884 612
97 16
541 529
58 515
40 10
187 365
79 939
250 455
272 173
239 561
774 740
25 491
500 3
537 320
828 321
775 714
337 474
154 816
709 66
250 665
586 799
328 227
951 5
2 892
25 5
245 610
963 459
638 203
1 60
94 537
745 263
449 962
203 735
871 62
99 926
422 16
449 627
125 238
383 778
738 775
523 113
337 934
928 527
746 266
87 22
659 401
146 580
220 629
714 503
901 308
388 921
265 936
726 459
621 543
747 876
696 650
309 185
96 570
761 996
446 98
195 318
538 57
989 856
369 119
92 862
869 290
138 898
184 60
646 298
924 136
30 543
352 797
60 454
955 950
156 62
613 702
670 463
802 977
160 404
400 387
884 580
339 758
31 724
730 493
787 862
93 443
4 156
170 676
231 269
770 468
400 161
644 972
296 82
813 563
390 780
784 711
296 993
157 928
1000 777
197 431
879 839
936 17
538 365
206 407
154 114
706 935
67 975
291 800
241 960
917 727
314 892
408 505
706 982
11 820
6 871
145 895
700 184
921 189
334 490
339 272
269 581
970 722
185 634
811 730
573 599
337 343
564 946
429 383
846 496
975 276
743 290
465 43
457 576
592 602
831 501
29 859
67 408
485 137
233 928
796 438
609 717
37 940
974 455
647 423
63 172
923 903
863 13
29 724
778 37
526 146
545 278
964 328
843 521
4 685
21 521
795 682
668 596
815 679
172 619
228 930
401 399
754 55
676 877
601 920
433 830
216 938
777 69
708 619
268 584
506 463
255 712
809 820
425 35
78 871
98 111
182 957
490 676
659 845
65 501
145 61
679 440
113 449
596 490
464 885
340 40
700 280
3 56
791 947
652 411
31 267
411 271
16 445
112 278
313 993
922 945
24 22
784 946
128 694
679 879
3 214
534 758
980 222
711 706
733 482
145 633
20 627
40 337
996 788
577 670
829 84
796 696
569 798
550 619
81 916
742 451
444 514
727 629
361 420
968 412
641 362
89 853
738 634
550 853
21 105
387 883
600 758
372 624
458 936
868 659
337 93
689 256
713 394
253 321
146 637
938 481
671 257
985 522
118 979
161 88
604 804
60 842
993 763
212 893
198 696
756 526
321 950
616 654
172 591
263 672
412 254
985 292
747 965
659 167
678 705
592 898
4 784
48 720
902 222
627 648
22 724
299 741
283 248
835 439
564 159
198 501
952 249
809 784
211 872
852 914
252 562
606 385
74 318
4 197
23 363
333 783
175 28
947 47
731 900
127 311
862 190
540 166
486 658
158 565
415 658
622 606
723 901
121 91
40 463
987 776
130 433
891 267
481 99
504 188
585 885
642 513
141 271
117 176
362 201
344 596
219 576
957 542
923 402
194 50
488 639
974 835
477 441
771 229
390 272
915 659
382 494
242 645
828 668
362 890
864 232
137 640
894 842
765 168
654 947
713 469
632 227
54 661
120 439
858 365
142 546
23 911
565 866
290 320
95 663
276 787
833 554
997 247
926 205
604 959
94 597
910 321
12 900
536 822
424 752
955 875
209 562
765 605
951 467
273 797
665 839
282 613
355 105
528 789
531 106
660 590
863 449
131 280
601 771
333 930
194 507
92 79
78 974
616 401
515 458
473 912
835 436
670 797
819 69
950 930
435 332
454 408
43 687
538 487
108 450
120 714
192 87
767 795
999 680
399 836
86 46
762 232
528 352
453 225
590 546
960 219
230 413
814 807
20 555
495 196
331 794
831 877
499 460
338 50
642 26
662 217
242 598
277 53
685 216
652 713
727 573
173 552
300 54
217 962
21 48
188 711
485 3
418 92
293 848
723 315
873 106
343 26
826 48
404 398
337 933
12 763
414 803
396 794
347 204
388 922
467 899
765 430
479 872
657 736
160 856
507 115
989 918
591 647
617 280
348 263
881 403
221 850
826 628
710 474
892 245
51 271
786 166
237 456
791 603
578 218
812 982
84 461
652 629
363 382
146 152
97 590
727 261
491 466
878 674
383 158
916 955
80 555
475 937
317 178
982 716
307 452
970 140
611 123
916 810
4 300
946 307
957 91
306 52
145 370
553 13
348 671
774 935
614 678
335 387
987 880
418 589
371 471
888 747
995 561
814 215
173 181
980 187
508 708
680 23
904 894
297 617
83 56
323 745
909 850
14 910
440 971
673 841
121 478
133 809
452 18
624 451
755 667
81 824
334 26
689 57
410 554
266 653
395 434
774 990
991 364
98 873
194 616
582 479
845 775
572 577
428 329
824 638
589 258
556 2
416 496
16 730
716 651
485 289
440 502
684 169
487 61
803 589
377 895
388 781
890 741
1000 125
256 439
650 20
227 140
155 699
947 647
87 392
70 64
899 552
13 906
821 787
34 615
751 726
772 457
497 263
598 111
85 8
307 587
113 375
131 336
739 7
904 976
182 483
703 962
435 230
623 955
184 422
863 174
603 183
294 750
408 649
425 877
853 373
66 585
290 672
35 490
770 843
151 448
378 761
157 899
984 363
842 73
112 358
370 886
499 358
210 783
518 579
31 783
692 715
989 23
148 553
685 382
103 169
987 634
269 535
988 209
663 426
845 632
684 698
222 521
997 653
615 82
928 908
176 993
196 492
948 915
719 976
395 478
586 935
663 449
827 435
349 523
812 165
353 584
965 449
876 796
422 580
594 493
885 538
281 388
30 9
363 988
471 393
953 378
186 267
544 937
561 845
764 844
114 25
132 456
936 860
906 147
46 870
360 169
198 626
454 727
792 214
61 623
371 555
906 354
284 53
682 781
921 717
416 75
298 242
925 439
689 132
363 536
200 784
844 41
4 928
795 983
482 486
389 874
249 465
543 905
213 118
741 562
991 59
373 880
691 279
716 194
274 301
978 793
497 62
842 362
936 317
296 156
23 475
460 663
652 872
891 733
386 574
880 74
808 247
919 29
79 800
596 382
463 129
468 233
235 46
715 280
330 246
922 914
481 98
548 179
491 841
130 33
24 548
701 822
92 893
41 748
547 432
306 478
910 162
182 373
720 940
292 797
262 260
12 140
875 892
624 444
186 235
538 68
200 38
776 849
230 208
547 238
287 939
897 995
715 932
76 686
612 968
524 134
897 28
422 529
461 117
194 592
341 687
362 650
208 284
15 550
628 11
889 958
641 128
570 38
682 572
20 59
557 364
885 879
119 415
47 738
29 947
161 123
915 846
441 987
365 480
704 863
401 453
846 997
354 511
760 614
602 137
160 172
364 708
330 628
655 54
89 235
551 449
455 44
421 236
167 504
687 641
818 624
691 706
359 592
160 394
89 20
717 938
691 371
840 919
94 150
352 593
778 784
213 989
162 833
71 275
2 310
586 585
244 965
886 444
616 688
411 502
692 621
532 982
75 933
277 481
614 522
559 511
192 199
141 5
233 509
896 709
71 561
420 511
974 898
150 192
960 220
157 764
856 64
311 119
50 318
116 477
633 237
64 688
783 997
440 927
521 986
685 215
409 868
529 619
238 459
606 619
646 706
3 604
958 752
267 211
915 543
879 342
256 96
96 367
831 467
667 658
427 905
765 75
418 204
185 175
917 230
941 672
673 834
125 861
717 441
924 629
872 446
925 172
104 968
403 94
897 395
368 589
830 379
724 484
502 664
802 264
459 247
80 224
812 689
906 314
440 168
539 628
578 402
669 969
691 689
857 345
900 163
296 934
65 126
636 243
344 435
350 137
776 96
351 208
632 922
579 629
321 901
360 701
218 519
80 556
543 700
193 323
502 247
285 659
895 868
532 660
496 316
4 301
197 284
491 243
862 6
40 89
22 106
546 991
156 535
966 96
936 19
209 335
28 601
857 567
879 950
295 737
131 832
150 236
872 800
162 694
581 105
908 399
310 401
292 932
21 226
666 233
650 722
617 669
690 723
68 195
197 993
401 944
789 444
774 371
263 250
270 163
315 747
281 431
249 798
485 183
124 345
147 274
391 743
195 510
547 789
569 301
848 276
828 794
190 295
454 929
907 653
394 296
626 153
631 424
781 849
366 301
648 884
864 733
60 646
392 88
973 486
445 205
66 130
393 370
13 905
344 480
327 41
420 925
973 631
276 665
706 82
892 393
237 485
515 616
915 322
723 41
830 851
333 873
69 515
285 710
415 555
203 325
611 64
904 928
45 538
900 855
914 265
37 246
990 36
105 680
814 278
317 838
619 842
748 110
550 72
631 675
463 93
988 67
835 934
817 909
969 504
509 431
412 566
383 426
754 810
962 841
763 728
784 963
572 34
258 438
352 69
651 437
210 927
385 966
273 943
803 206
280 785
686 153
562 594
121 505
620 997
367 388
791 486
466 853
779 422
822 472
884 129
478 950
229 500
765 130
529 716
15 585
417 234
660 274
99 984
157 232
196 817
767 709
33 753
295 94
854 715
671 259
802 110
966 837
354 617
371 701
59 533
678 628
608 400
729 951
178 650
969 538
635 505
141 737
284 969
21 924
449 101
786 860
180 243
915 384
772 287
21 781
668 344
890 472
360 983
658 418
899 916
493 805
352 967
230 592
156 923
48 820
14 489
182 927
143 655
626 321
413 198
994 509
451 47
691 391
657 235
936 318
643 115
796 218
389 668
943 37
691 52
126 635
87 979
311 479
271 301
745 966
5 588
980 30
417 872
163 348
438 966
614 623
10 713
127 247
157 870
964 138
757 93
947 493
576 385
392 920
968 299
291 478
989 235
10 937
465 343
798 403
672 771
944 303
770 400
153 402
872 534
630 715
860 256
358 373
435 972
954 100
388 642
261 412
614 58
711 916
24 864
401 777
272 671
845 206
774 202
120 441
871 574
789 775
774 101
526 714
53 60
254 663
316 706
522 21
116 604
854 326
640 456
146 257
293 766
113 891
61 626
668 414
686 851
234 882
787 504
401 341
535 878
350 880
385 796
119 45
950 305
990 672
57 900
367 675
46 793
99 205
986 779
435 3
290 770
613 744
763 215
535 701
278 334
578 192
852 807
397 84
117 463
411 344
787 549
737 722
766 723
921 539
283 258
191 949
912 178
197 456
219 640
662 770
774 840
196 752
399 829
595 458
443 73
444 486
177 229
50 877
804 70
662 108
754 965
774 618
6 512
779 256
637 716
28 788
966 694
440 928
233 175
414 500
72 235
194 514
232 465
394 64
124 711
860 243
347 32
556 212
333 77
708 47
926 482
285 490
654 909
642 941
755 76
883 3
385 444
594 434
416 470
381 306
163 611
546 32
472 557
878 245
146 722
349 290
846 855
820 822
416 180
53 129
700 860
476 895
298 56
27 411
744 919
906 394
285 991
469 34
574 95
523 655
602 396
179 501
930 647
16 817
454 841
41 500
309 596
726 997
303 28
911 861
114 629
779 787
826 724
431 184
568 370
795 45
559 188
528 672
171 607
804 309
701 923
244 986
714 520
654 275
639 243
295 787
801 990
89 604
19 905
961 528
690 494
943 928
115 807
419 220
478 697
120 53
230 14
488 953
840 302
969 142
137 521
837 399
196 25
881 791
678 110
438 458
167 648
907 81
747 414
200 942
346 349
368 829
756 480
217 552
750 642
115 393
333 450
392 492
923 920
363 899
509 641
519 234
498 146
579 391
427 861
85 466
124 56
932 809
388 783
413 332
471 698
130 834
223 181
777 249
717 559
415 871
401 285
863 357
226 874
905 157
778 661
67 473
289 416
317 498
105 840
269 367
308 577
701 364
647 778
355 304
88 917
363 237
662 633
511 957
494 837
924 690
248 603
580 801
253 583
914 409
553 111
60 41
580 688
598 553
446 778
840 541
568 620
697 840
576 55
282 398
909 227
3 360
209 83
227 774
50 821
362 99
941 161
366 619
538 110
996 742
484 466
840 330
107 701
326 601
112 725
993 828
982 556
685 30
264 733
245 551
768 662
181 463
904 802
770 316
847 699
756 85
135 402
375 521
180 521
464 204
964 137
713 399
931 448
453 652
441 896
760 878
906 14
252 26
458 649
648 601
591 603
320 261
285 244
339 837
989 876
920 781
272 55
43 942
669 110
571 589
8 706
329 781
105 275
493 2
616 11
372 897
123 13
490 792
769 937
19 182
545 301
331 532
963 655
692 87
105 667
904 127
942 539
335 68
504 515
122 190
838 664
507 904
799 621
164 447
943 439
301 714
363 201
574 369
276 653
892 652
936 462
774 978
770 813
216 559
719 370
978 712
117 12
305 946
562 126
496 547
153 198
361 363
295 680
70 412
599 623
376 215
207 883
250 752
513 256
219 867
534 510
974 241
281 99
45 227
211 647
773 230
555 538
516 812
646 887
261 411
889 520
48 472
690 619
486 398
324 317
627 188
980 800
51 888
181 197
879 18
113 663
773 385
885 877
47 748
708 234
603 468
751 983
244 49
845 675
95 656
731 392
643 826
772 734
259 549
209 422
797 61
584 694
507 217
53 221
994 717
385 787
100 880
565 178
240 331
421 234
118 364
589 643
731 711
341 106
227 420
669 773
411 61
716 224
298 409
482 234
202 253
705 194
652 463
891 763
838 422
876 109
537 953
352 689
80 864
702 109
121 116
283 261
287 309
642 324
199 617
292 93
535 499
68 420
552 105
510 17
650 986
207 19
748 341
732 882
516 595
335 895
270 954
254 101
291 509
702 921
663 653
98 977
196 38
487 737
328 118
183 296
63 982
390 386
284 897
992 455
565 560
779 452
287 798
252 551
384 87
371 937
302 639
655 547
85 59
567 503
543 382
52 443
720 357
739 707
703 868
579 426
691 868
798 72
980 939
752 854
18 390
38 973
129 551
261 34
657 741
711 558
678 701
347 495
366 441
792 272
646 159
740 78
133 120
86 72
334 732
644 372
958 304
66 188
655 20
659 81
700 931
84 133
441 576
939 321
29 473
394 886
662 641
53 467
693 391
494 575
832 410
353 413
283 82
156 988
13 837
86 389
758 395
779 786
493 526
259 106
504 793
269 957
936 390
519 861
866 987
875 139
642 296
715 290
202 499
177 753
307 608
924 765
649 688
182 384
185 668
646 603
184 969
719 219
576 91
321 718
586 172
770 55
269 819
205 754
690 382
799 160
898 147
560 862
776 875
580 273
273 222
894 113
533 415
862 979
573 644
388 692
723 363
7 98
485 36
419 394
754 420
314 188
154 677
802 217
38 527
760 651
722 352
885 692
134 242
363 898
977 182
280 354
584 272
731 67
949 56
952 276
660 973
755 329
521 257
351 370
544 622
670 226
843 666
665 994
872 186
138 930
527 396
191 940
397 727
184 220
458 455
976 392
791 252
192 679
100 784
873 528
86 199
887 661
66 819
854 216
731 527
471 776
829 406
83 556
178 808
549 823
472 501
94 108
186 582
452 558
416 524
387 259
187 715
705 138
444 280
990 329
175 346
808 173
666 279
634 387
560 642
759 354
398 660
226 394
886 277
482 615
241 187
268 238
732 907
739 900
440 891
168 298
984 652
732 826
21 147
850 205
826 406
207 227
328 63
3 521
673 701
780 887
880 915
345 860
922 127
20 972
276 438
647 225
206 947
23 715
870 490
708 465
998 225
384 31
495 403
868 671
425 378
670 60
873 176
195 476
214 360
894 734
552 923
295 601
42 329
427 241
599 127
711 609
843 553
402 945
481 872
647 677
268 778
790 62
406 920
109 267
82 856
948 75
267 504
754 166
95 994
942 937
815 421
325 700
144 550
491 369
218 475
618 856
565 383
700 730
105 712
151 146
9 685
999 622
30 885
2 446
365 634
66 11
630 142
870 665
339 803
714 893
862 77
496 326
226 179
335 471
942 357
608 583
805 147
520 797
46 356
390 603
525 20
619 185
639 138
896 764
325 62
647 906
349 424
728 847
642 387
400 794
611 570
478 743
763 855
893 668
91 775
418 850
970 647
845 537
576 306
116 107
38 98
983 911
289 743
141 638
418 965
426 584
390 423
393 502
646 884
314 133
647 197
426 475
746 128
530 981
103 573
380 902
966 901
863 875
509 147
134 43
727 408
979 634
963 129
654 104
659 632
885 406
401 664
897 307
882 339
336 115
501 807
561 878
850 265
671 481
630 780
190 253
47 604
310 522
459 204
556 822
40 834
800 768
507 216
548 850
282 766
299 692
427 507
781 744
276 79
602 7
364 81
179 362
454 976
511 641
991 139
4 903
248 839
601 837
347 721
523 754
984 234
126 699
286 952
221 669
921 767
193 356
503 579
749 359
87 768
397 82
23 504
500 507
905 519
981 372
749 760
571 760
972 624
995 648
724 458
766 581
992 898
740 860
73 527
70 223
7 809
965 66
213 685
325 419
989 92
610 275
495 791
6 518
136 768
189 661
141 529
21 203
684 381
23 557
63 576
45 181
525 363
31 486
345 875
767 808
550 774
771 567
422 929
358 279
275 705
167 887
828 531
965 390
881 587
811 800
885 735
906 116
200 367
298 397
941 558
411 559
543 270
713 727
181 73
955 638
119 237
363 711
894 609
613 890
76 224
323 381
155 922
542 477
265 439
142 675
394 533
797 455
881 407
844 29
646 303
705 865
616 68
427 487
839 282
472 252
608 477
42 178
136 51
621 94
36 596
19 350
904 56
709 971
356 549
433 576
933 179
830 773
944 852
47 37
657 177
839 201
236 418
273 168
795 47
672 274
290 676
571 516
24 833
904 637
313 968
577 363
653 22
156 530
22 79
374 722
710 88
809 441
991 577
780 110
567 790
166 889
893 532
823 57
384 278
666 244
618 237
513 335
162 407
327 819
220 385
771 531
210 363
998 144
51 917
860 209
883 112
521 725
229 46
621 988
513 105
128 9
534 641
968 580
320 801
161 183
758 934
185 57
973 48
367 801
375 250
671 441
929 74
413 473
768 200
848 234
260 316
246 589
820 788
566 304
548 795
787 453
915 248
185 283
939 142
544 734
797 228
821 238
750 60
532 375
402 108
242 367
777 72
320 493
302 557
319 753
381 839
473 129
886 831
528 849
284 255
969 929
626 344
557 902
616 350
265 542
434 191
952 960
352 540
305 210
177 33
598 333
6 161
862 86
809 106
424 8
615 650
692 945
969 364
830 515
192 147
257 809
993 487
121 156
913 742
419 109
74 866
562 199
713 155
89 815
459 914
386 273
850 202
724 855
694 379
918 883
764 763
513 171
72 37
881 817
556 271
23 93
251 537
451 75
659 750
699 241
2 579
205 72
522 282
427 978
300 348
149 385
391 708
683 434
849 78
668 518
747 811
587 606
191 248
88 567
3 123
507 63
694 705
726 415
298 868
322 232
948 84
768 498
42 604
994 662
260 54
176 245
467 522
472 180
127 476
759 11
130 207
528 957
194 321
202 780
855 532
714 920
182 914
216 40
772 207
408 890
898 612
652 549
50 403
32 906
89 335
959 664
112 216
705 149
615 686
746 555
453 103
336 891
26 203
343 600
328 495
500 53
410 221
334 545
785 511
201 240
681 702
918 61
657 125
154 102
173 10
489 205
732 799
624 1000
509 146
24 710
104 532
305 227
589 531
475 159
99 795
450 136
867 869
689 69
505 932
718 248
719 801
280 14
409 686
737 450
992 545
669 445
10 106
86 721
124 412
161 142
508 35
721 982
149 421
850 754
688 153
281 533
502 513
786 522
753 453
226 361
739 566
42 298
596 917
632 454
316 588
751 820
247 21
126 990
234 896
744 973
570 168
36 561
437 606
403 738
61 962
905 292
579 925
925 697
507 918
751 635
240 43
577 108
740 744
660 983
670 774
72 707
877 450
348 688
745 828
835 978
984 440
841 273
418 546
398 756
918 511
837 229
74 591
19 878
775 691
158 691
412 839
839 552
110 712
236 515
148 493
645 895
337 476
689 135
763 882
295 748
771 937
901 890
636 499
832 649
230 240
379 662
430 534
110 554
185 977
719 916
428 211
233 61
710 569
396 340
453 544
366 771
348 282
963 239
985 939
747 580
175 951
612 718
333 475
944 128
637 13
587 824
950 362
54 893
600 977
251 815
90 99
308 222
932 816
829 972
850 617
742 603
824 308
981 866
484 782
303 330
218 382
703 213
213 441
573 764
83 933
467 450
455 413
957 187
9 667
610 44
2 500
758 393
992 338
18 56
72 656
715 454
532 656
921 587
481 460
306 49
235 93
292 492
700 481
14 788
339 75
268 117
205 910
175 697
763 560
103 51
896 677
269 669
932 35
145 663
534 235
992 798
462 182
2 231
488 557
710 1000
586 170
405 30
707 626
283 958
464 581
185 636
831 541
614 231
617 641
243 111
780 845
529 587
148 231
519 432
275 606
794 337
23 673
337 150
301 959
603 707
909 640
134 664
860 210
133 646
861 714
464 227
228 772
360 305
425 91
182 37
20 8
459 472
573 868
228 235
569 547
489 705
372 650
633 539
394 468
518 37
591 753
685 524
725 559
356 134
29 232
142 825
943 573
938 184
80 192
902 791
788 288
434 459
218 338
458 453
976 394
151 938
687 724
797 148
197 180
14 102
416 945
626 454
274 435
352 831
835 622
192 67
970 459
753 969
830 855
754 493
299 925
711 80
342 541
796 242
869 772
175 248
932 570
622 580
491 211
199 674
370 992
380 994
154 33
853 737
13 474
734 188
349 66
413 677
729 476
197 30
749 993
953 848
978 261
874 178
158 651
596 322
132 994
352 200
34 532
85 974
230 41
552 321
606 660
438 58
367 384
137 541
559 518
304 58
33 732
984 940
215 204
133 617
654 985
109 328
465 154
201 990
410 813
214 511
882 301
9 309
138 147
357 493
379 301
87 212
218 101
368 570
721 122
405 615
427 243
232 89
401 476
312 81
241 157
665 595
924 808
816 737
165 774
198 770
929 966
124 206
626 8
204 184
169 985
338 960
462 778
798 672
394 554
624 553
507 175
424 681
339 598
165 801
255 746
476 709
331 202
702 434
167 416
830 224
999 539
433 574
485 845
829 440
100 96
563 340
526 72
567 943
52 727
148 918
937 15
369 637
62 424
88 227
53 811
24 779
524 744
212 140
718 658
921 428
213 550
692 329
808 26
681 300
316 273
192 367
752 724
91 76
552 31
951 393
383 731
296 733
606 737
883 412
846 272
684 667
427 642
101 487
764 681
159 219
122 907
352 444
443 380
284 952
546 455
339 447
513 182
656 207
401 892
366 868
750 396
603 200
358 760
950 28
275 276
771 763
963 131
609 461
768 915
586 678
271 832
256 167
185 7
422 756
741 26
927 629
643 942
716 712
54 483
721 102
43 126
650 42
65 986
268 857
267 630
722 584
262 687
48 615
268 808
919 523
591 862
594 191
386 269
288 69
217 33
414 645
96 994
541 166
772 285
70 646
145 221
878 281
492 44
330 851
972 230
369 831
853 101
636 859
378 71
605 644
492 67
875 386
702 913
139 904
256 944
866 67
494 768
391 123
724 357
418 922
363 71
131 77
723 935
649 520
49 756
122 290
962 387
827 965
40 497
222 793
315 169
334 759
302 617
745 716
11 688
249 925
412 977
606 931
351 716
301 39
415 970
343 748
197 771
555 972
535 210
659 771
687 407
339 381
175 739
948 929
439 814
569 999
965 354
380 710
699 90
537 107
495 247
25 191
746 83
730 636
509 919
281 470
941 388
858 472
286 65
750 746
833 750
64 881
146 703
831 188
669 305
816 843
928 629
161 26
615 264
18 389
56 816
110 103
864 583
939 23
281 865
855 155
802 261
655 657
610 730
77 823
87 482
167 266
597 433
82 798
156 57
398 784
108 290
131 493
811 383
265 663
660 616
347 831
649 249
388 363
875 465
503 432
735 101
539 262
987 936
489 366
865 436
620 718
558 913
943 217
490 275
416 594
454 510
187 273
729 342
257 963
541 895
755 579
93 120
535 129
580 638
176 876
909 844
604 356
362 11
758 997
941 59
736 131
618 235
177 487
128 237
246 217
183 265
889 596
776 276
859 892
293 894
440 670
318 643
215 9
822 19
4 630
955 446
595 919
154 723
690 860
800 620
428 613
926 252
42 793
142 655
937 709
169 595
941 929
184 112
475 563
869 335
696 907
684 95
211 163
757 750
42 5
830 122
816 548
838 545
565 247
557 396
513 580
130 608
598 97
48 781
749 11
915 329
330 875
248 752
50 282
812 292
532 710
718 917
972 445
131 231
478 178
120 554
463 826
951 529
862 84
576 943
634 31
780 351
982 605
568 641
507 703
316 415
210 886
597 890
943 866
140 77
178 408
843 406
628 672
904 530
227 957
103 86
710 954
676 254
805 990
934 690
168 301
595 390
978 258
779 767
214 816
145 515
803 990
726 380
334 457
779 332
624 485
533 821
336 733
607 470
755 505
515 487
789 12
58 6
684 470
499 168
431 791
603 302
841 757
720 514
276 32
152 110
725 657
217 520
788 443
882 298
60 978
918 706
522 235
427 101
726 411
552 926
997 220
229 802
964 427
747 813
734 769
626 182
788 153
475 750
497 106
705 525
477 355
858 37
108 580
894 959
332 444
331 732
62 109
798 673
394 555
531 998
659 29
26 738
673 500
13 936
408 379
43 721
469 343
703 450
943 435
361 787
123 732
929 513
821 531
645 325
114 953
280 123
959 677
785 66
911 518
473 558
424 230
406 74
232 943
196 522
703 304
774 865
382 487
832 18
942 984
338 295
746 696
756 210
533 518
805 865
240 717
404 239
395 133
412 893
351 160
861 10
576 390
231 645
689 153
121 303
269 565
789 334
295 565
900 873
885 309
580 453
124 585
451 267
917 490
388 411
371 32
817 142
665 35
232 265
765 161
471 58
113 570
292 735
299 237
381 297
110 217
910 895
270 393
273 603
423 740
333 279
261 202
1000 44
532 203
860 552
259 553
584 698
202 134
191 939
112 866
425 211
653 555
522 335
450 678
108 334
643 621
679 283
667 371
958 342
601 251
503 431
216 151
2 494
402 340
611 14
39 521
5 649
946 281
364 153
677 135
184 612
717 646
762 17
483 588
487 200
409 625
883 831
404 652
921 542
279 220
946 123
286 744
2 163
478 420
559 389
482 955
84 987
137 273
236 750
573 297
118 718
656 59
505 763
767 247
698 970
400 889
500 954
653 290
949 763
163 42
680 320
440 933
58 476
439 809
395 399
936 633
521 813
104 641
157 393
20 263
694 208
940 48
797 729
712 190
59 465
16 757
237 893
59 585
850 724
544 983
318 454
945 552
877 685
199 449
394 275
717 4
423 185
775 420
58 249
30 357
533 671
440 63
795 631
262 648
782 371
160 206
199 231
330 658
742 699
463 94
342 789
493 855
866 403
350 224
868 357
501 380
375 343
60 333
243 961
175 108
624 848
17 390
438 758
482 138
670 721
486 706
216 770
532 658
919 210
429 867
634 248
299 849
804 306
949 116
184 751
546 820
60 2
633 960
565 406
328 474
382 877
93 198
995 566
747 73
32 658
185 672
258 428
22 61
225 167
211 500
862 693
40 268
24 657
863 761
524 102
466 218
880 596
804 9
461 981
90 513
396 576
224 839
6 771
488 360
928 837
572 600
349 593
280 72
538 779
570 105
823 841
437 62
829 780
521 555
206 885
135 331
253 294
769 309
55 528
320 851
375 247
323 328
252 98
53 127
792 193
833 491
380 286
734 949
700 893
647 722
446 401
569 130
273 845
114 289
691 659
251 152
199 88
536 996
761 603
961 105
588 250
565 359
490 963
492 117
701 359
208 580
482 63
246 12
583 903
880 470
938 762
23 460
245 204
96 712
670 717
231 297
36 809
386 936
407 334
746 562
526 396
725 319
641 934
397 232
520 869
95 479
886 510
96 897
140 78
912 255
396 32
988 394
476 214
495 618
277 291
558 140
912 14
75 752
314 792
763 847
358 97
710 970
107 291
254 86
681 720
349 354
664 927
315 446
758 966
634 720
641 354
728 516
451 191
604 111
785 707
189 242
868 564
251 258
284 965
234 324
383 869
996 336
979 610
393 843
379 446
470 875
916 113
377 849
319 82
160 953
432 958
309 72
590 251
629 671
812 337
336 26
501 752
159 714
643 965
989 871
350 527
388 232
544 654
670 194
85 354
923 856
311 992
709 913
811 408
337 529
86 116
345 62
109 45
471 970
644 328
193 114
687 996
375 366
324 475
277 786
948 175
298 287
728 360
16 346
639 626
342 972
914 69
457 272
973 742
610 822
743 528
743 603
718 15
839 253
114 950
174 868
122 413
777 607
199 755
239 838
596 133
248 491
356 990
620 3
897 568
336 894
540 348
689 958
122 383
61 464
634 274
399 852
996 816
633 218
871 112
107 271
788 548
475 355
125 511
767 816
879 714
880 668
12 114
258 694
145 406
430 11
440 744
581 845
773 502
806 866
181 994
974 404
189 868
525 998
512 507
833 689
924 616
856 846
103 799
385 628
904 452
880 175
986 64
806 479
60 725
112 313
830 465
560 309
100 246
341 236
4 767
271 145
209 554
467 698
235 566
316 403
665 847
995 240
833 253
726 383
818 619
854 149
269 289
659 278
365 312
113 167
170 294
911 839
274 264
39 520
80 839
522 546
463 844
720 216
616 734
752 201
80 726
482 854
156 667
395 629
566 938
218 844
573 70
260 617
637 883
908 813
658 836
426 980
776 391
608 734
339 33
412 979
568 553
642 496
92 319
185 651
258 457
277 347
192 333
412 834
269 711
54 871
185 756
514 232
300 227
871 148
503 58
254 110
404 193
44 216
727 565
124 622
215 257
146 776
54 897
182 74
936 634
423 372
7 117
745 270
875 639
96 358
812 100
850 947
924 686
512 142
485 156
395 364
489 345
396 899
716 520
54 163
699 826
8 599
621 901
966 884
244 44
268 772
389 471
774 955
428 387
933 746
381 445
773 369
976 131
462 934
449 261
704 208
950 651
754 8
609 779
243 565
90 384
588 135
898 897
95 913
152 611
906 436
178 991
434 437
108 284
812 974
890 282
800 14
714 588
108 435
532 445
381 993
905 325
835 516
658 119
696 190
687 896
909 390
359 339
434 102
92 590
300 643
269 952
731 885
625 458
273 317
457 424
744 822
953 968
771 91
974 630
456 793
226 486
947 442
220 200
274 816
483 902
248 1
690 488
231 968
90 748
987 534
608 865
516 572
28 886
736 886
201 286
404 229
776 784
524 246
818 407
965 324
932 659
382 302
755 784
651 253
871 926
128 506
270 693
896 228
982 302
149 248
246 820
11 235
458 780
114 527
523 148
708 152
601 349
756 652
833 633
725 955
561 938
156 458
569 423
198 338
547 632
878 10
200 621
368 799
518 427
643 646
256 574
541 251
52 984
454 796
791 631
630 389
104 487
472 75
221 592
518 612
5 703
100 627
533 27
35 692
154 313
596 499
122 390
400 134
639 268
72 542
113 557
120 580
260 545
652 355
724 682
878 787
511 366
222 983
461 517
723 206
406 142
852 426
728 888
418 232
549 374
914 693
2 27
991 929
831 860
408 478
944 688
619 510
137 269
262 344
33 608
15 944
315 592
662 153
138 301
818 443
128 203
572 654
152 193
461 73
600 767
581 661
293 784
335 705
772 962
350 722
479 906
336 396
7 867
545 344
945 742
973 208
21 707
99 703
544 528
47 583
449 348
582 876
663 249
327 343
879 218
989 870
574 684
976 75
996 6
48 638
13 708
929 170
129 659
96 874
284 57
327 117
790 887
810 81
73 230
706 30
139 899
878 256
31 883
596 233
829 324
9 839
142 165
493 687
313 697
613 590
605 558
292 321
226 221
317 242
212 24
503 747
70 970
296 19
888 589
10 865
50 30
439 432
23 177
853 642
433 255
420 451
782 561
417 579
576 408
244 62
980 362
283 970
215 399
440 907
721 526
791 402
480 412
764 676
304 74
909 995
419 363
202 633
721 671
133 569
244 476
561 54
86 523
802 824
234 278
751 271
275 680
721 808
44 27
944 9
68 913
950 19
842 696
846 160
258 985
977 471
815 915
48 429
45 996
751 237
205 342
891 486
690 839
108 900
18 412
387 551
238 3
242 126
136 155
209 271
359 789
195 332
551 155
574 840
703 44
775 467
816 640
446 479
267 760
308 484
990 536
772 291
691 605
30 553
549 519
198 447
470 304
701 460
89 779
77 626
939 347
399 760
891 34
782 183
568 127
877 11
553 749
695 958
536 989
847 983
298 496
691 379
468 960
2 492
964 988
75 895
972 455
683 636
584 579
80 727
64 204
355 479
339 962
984 13
514 482
112 248
455 616
295 919
120 723
949 998
912 169
236 345
426 981
740 857
944 538
282 81
448 841
175 398
947 417
126 376
274 973
173 217
639 58
110 716
185 763
610 300
954 240
577 605
509 178
336 520
962 884
196 44
399 585
441 323
812 214
975 314
30 175
37 813
556 211
607 983
409 654
871 970
803 378
399 367
937 972
148 45
272 266
803 715
475 778
581 578
341 941
893 336
289 194
223 457
411 723
982 174
160 849
638 540
536 236
829 569
596 804
407 391
445 816
854 468
97 517
875 446
933 971
820 341
239 250
56 384
504 898
422 211
515 944
626 305
866 256
679 434
504 577
972 440
765 858
607 43
511 902
627 873
894 240
443 686
761 415
852 834
563 145
781 378
478 177
737 646
204 637
633 853
173 394
305 786
108 225
311 284
376 345
50 38
748 401
126 261
791 135
155 827
763 564
586 71
144 877
845 762
653 243
413 127
483 790
779 293
582 298
474 767
606 700
266 195
879 269
448 569
831 622
978 206
654 961
876 817
836 690
699 232
703 672
314 484
266 37
933 489
965 850
868 880
741 462
137 336
559 829
266 436
394 321
786 575
789 824
404 282
472 528
933 436
915 142
423 863
543 638
786 993
19 50
526 690
350 928
460 160
621 283
716 497
203 142
133 215
82 769
526 854
195 546
549 735
53 384
937 373
520 299
207 639
479 506
873 683
412 997
373 788
28 241
31 690
360 641
4 696
221 704
402 410
296 169
832 363
118 72
725 208
191 788
514 571
640 866
27 178
593 966
27 952
465 622
486 895
326 148
734 17
403 877
620 168
639 156
35 354
163 313
754 802
461 516
278 986
28 693
485 472
657 323
770 98
240 563
903 450
456 375
901 813
581 53
784 217
641 352
860 108
219 796
132 893
131 578
816 202
871 812
774 343
8 818
885 624
742 219
980 676
985 886
998 256
875 653
312 230
280 324
635 976
450 12
68 739
821 43
768 169
272 984
851 892
321 281
484 883
285 894
214 76
87 310
881 449
517 179
935 228
226 662
388 121
906 506
268 919
584 528
769 592
429 231
743 812
139 898
104 437
1 933
372 972
813 830
904 102
839 110
700 720
847 611
430 958
924 488
504 633
412 692
735 958
960 444
706 336
815 118
545 598
305 713
550 449
329 195
687 40
174 981
982 636
417 864
408 541
540 350
979 230
463 57
141 261
163 469
71 580
221 119
410 294
379 931
748 360
64 685
597 637
410 329
174 294
71 874
383 596
900 852
524 40
826 703
84 535
267 81
533 854
2 798
422 959
922 351
444 687
447 344
267 174
663 580
81 136
390 40
586 595
254 957
755 120
418 760
607 826
194 471
105 147
582 687
731 227
932 906
699 897
388 936
685 686
907 380
11 387
860 436
424 988
441 994
59 804
551 585
742 944
902 280
823 593
57 178
12 441
726 132
530 403
656 858
825 181
205 397
337 224
982 109
565 187
694 593
18 206
338 819
602 432
658 74
515 539
18 97
810 308
369 819
334 831
170 292
429 537
88 933
752 380
57 622
739 70
939 632
339 852
981 141
627 829
856 89
196 986
254 938
933 507
516 149
221 441
135 617
563 82
434 930
46 50
905 747
429 221
68 419
766 734
697 606
219 521
789 397
718 541
231 934
692 660
733 32
456 468
510 107
137 895
33 958
659 990
469 910
721 617
708 369
763 998
768 678
902 337
360 302
340 780
845 793
777 521
924 680
229 52
379 373
855 448
513 7
876 861
882 286
120 477
600 807
656 521
16 744
76 312
829 854
684 191
872 423
377 783
820 911
12 892
252 89
513 801
843 614
792 232
850 610
854 378
212 167
217 871
290 749
111 391
541 100
212 558
29 176
971 267
590 467
322 301
731 651
308 882
511 675
811 371
85 122
910 69
126 846
314 755
56 368
587 666
208 603
317 305
348 627
667 449
100 552
302 356
503 573
749 325
550 446
734 427
402 454
611 926
815 46
505 457
841 423
515 930
309 199
216 551
170 856
369 650
278 76
209 344
446 790
395 992
32 550
144 32
589 914
701 772
102 275
231 117
328 300
550 747
383 270
476 124
738 267
426 857
121 379
184 815
784 111
162 719
555 812
40 271
446 32
482 700
306 622
804 241
620 804
383 620
206 47
799 62
177 283
719 887
78 101
560 804
779 2
802 865
897 83
124 628
599 882
103 579
87 94
161 363
437 59
4 626
152 389
151 597
217 673
414 773
841 575
310 938
719 570
202 703
157 61
158 270
368 610
111 298
167 196
812 767
890 747
372 774
835 166
393 159
96 832
377 517
815 473
894 790
551 51
901 64
960 516
669 932
368 479
42 144
959 943
437 984
470 334
482 58
305 595
820 342
490 593
661 930
481 370
652 575
389 687
345 988
529 460
213 811
67 663
476 435
573 27
456 703
718 699
539 131
39 816
746 576
411 393
288 700
718 554
832 953
653 639
121 166
196 304
14 961
551 421
456 413
935 799
58 689
24 577
119 984
83 222
943 588
220 93
524 5
999 485
361 401
830 228
71 790
917 466
167 727
384 186
758 628
375 656
11 43
908 315
988 969
606 552
3 576
997 917
693 428
968 101
924 656
449 560
341 514
103 615
587 886
767 716
720 405
350 720
78 355
411 636
431 625
661 288
475 885
829 926
898 498
940 281
833 699
124 84
566 359
398 277
666 544
114 414
595 661
29 199
674 796
858 33
146 421
118 489
281 974
194 441
213 395
818 679
226 774
555 509
928 14
114 723
334 800
868 312
192 777
743 553
899 812
757 992
761 485
796 188
209 894
925 576
965 531
788 485
255 503
369 624
389 643
28 325
66 560
306 99
258 222
541 513
126 499
734 242
554 924
442 402
577 341
460 879
312 549
135 613
775 581
67 624
818 232
732 831
469 888
989 634
72 873
245 831
866 623
546 593
872 640
784 198
876 596
181 442
183 220
438 394
258 548
977 324
188 677
450 476
306 792
438 293
388 538
899 46
655 580
482 803
343 248
381 293
937 871
497 808
828 868
647 480
528 751
579 438
797 275
926 169
473 263
950 307
312 131
789 895
740 195
527 303
34 848
769 739
284 488
690 879
935 139
887 178
806 188
131 500
167 498
855 577
342 892
442 882
647 821
969 611
218 553
215 871
40 841
776 221
1000 635
41 161
683 638
443 757
886 27
709 754
13 59
252 847
92 532
827 619
844 523
576 169
302 43
801 856
404 639
477 95
244 894
233 491
317 553
254 435
805 769
383 277
22 21
287 83
865 111
150 329
970 464
562 137
429 510
693 849
785 622
228 415
953 764
491 589
348 242
81 969
558 421
157 532
909 517
215 258
99 829
46 744
105 108
592 618
521 674
314 160
336 296
100 337
599 151
124 335
987 203
219 101
367 165
632 377
228 76
910 526
914 755
414 953
309 141
646 4
939 10
958 826
480 853
579 35
303 483
967 952
470 112
751 993
939 155
669 46
119 155
48 568
51 491
379 54
52 80
55 863
137 207
986 837
968 712
473 174
844 107
719 35
282 588
618 776
657 904
855 613
217 177
322 208
238 601
298 466
672 75
718 898
540 114
173 631
834 339
874 644
469 508
531 369
37 216
455 697
347 976
611 191
778 826
486 500
585 984
495 749
131 940
637 657
757 290
836 751
63 970
801 868
749 614
628 585
41 959
885 38
335 5
709 264
323 581
340 365
857 573
990 483
7 295
634 329
237 2
840 456
497 731
82 119
289 567
590 807
441 492
466 873
49 215
693 550
790 510
789 243
572 741
497 517
759 805
975 280
104 737
582 458
710 543
197 632
823 980
738 844
812 75
617 933
558 694
882 259
685 868
372 609
620 610
911 294
641 198
459 431
246 981
557 102
842 976
578 298
798 831
838 888
450 89
539 701
691 614
530 472
553 521
847 875
886 903
333 573
635 133
123 489
860 818
882 854
854 208
74 412
866 290
922 624
498 734
505 138
947 991
252 913
182 824
218 737
923 70
244 620
182 683
461 34
183 646
610 174
594 747
313 892
278 254
852 215
157 999
84 57
545 569
948 546
472 283
382 802
634 395
581 384
691 39
710 44
88 299
105 200
382 141
627 104
738 189
283 626
338 498
213 765
126 182
664 739
58 702
221 130
776 721
462 148
653 277
140 936
129 409
627 345
854 773
410 482
818 295
257 125
629 807
188 531
318 582
29 529
619 273
675 3
396 608
92 183
316 32
280 57
384 864
637 493
512 356
627 171
129 212
422 627
99 962
512 879
67 96
823 681
458 815
523 181
931 709
186 641
349 851
423 236
561 971
711 601
8 368
371 564
397 610
204 411
471 593
809 610
938 134
616 116
56 792
51 291
783 18
649 584
639 252
282 533
47 791
252 727
143 352
863 465
933 671
874 826
948 369
667 162
38 457
277 655
977 743
361 790
748 166
145 21
808 339
478 147
18 467
45 628
31 545
843 331
719 468
499 561
580 782
454 315
457 101
738 238
836 551
84 972
876 288
218 918
239 544
993 4
166 734
966 503
435 651
823 282
275 975
719 8
810 980
25 52
381 81
771 963
758 593
606 51
996 481
776 954
214 418
467 754
650 498
889 640
104 840
926 31
910 896
271 147
785 973
59 544
668 754
685 684
377 881
580 602
841 111
787 292
845 38
424 990
411 817
53 179
458 549
422 456
464 350
377 595
907 604
268 806
341 232
33 175
622 35
603 37
860 724
863 279
66 81
575 396
345 30
418 592
809 751
493 878
187 847
425 214
541 160
469 133
752 495
36 568
181 561
166 175
406 670
545 790
782 37
650 616
326 417
292 273
476 598
94 157
282 779
763 350
411 165
268 362
808 335
402 480
619 895
800 307
420 12
666 292
667 5
316 493
118 359
727 909
268 72
897 536
511 338
336 862
466 465
374 718
298 560
362 142
659 277
681 370
607 371
483 867
107 350
126 206
625 669
700 169
542 732
616 1000
3 568
542 623
374 795
289 667
516 890
902 343
949 920
34 32
896 139
533 74
972 670
684 42
579 260
392 506
300 291
776 18
542 452
396 782
879 57
627 16
39 134
205 154
9 375
789 658
543 647
503 74
136 221
651 750
321 199
912 814
769 639
313 427
646 295
26 692
812 571
346 344
389 774
651 639
48 904
734 764
442 932
26 551
373 652
653 586
618 777
368 138
820 461
606 442
753 38
995 97
728 292
812 77
610 792
459 812
888 938
598 313
162 777
125 209
930 895
701 227
168 197
344 843
736 605
37 168
790 382
896 781
126 264
533 712
559 420
83 87
236 719
239 600
900 520
480 121
366 142
301 5
324 186
141 476
325 399
793 981
188 921
173 75
31 61
955 121
131 619
560 855
244 480
893 973
840 167
861 367
664 981
955 214
459 585
543 39
746 177
712 993
885 669
737 746
279 897
929 352
858 390
180 686
785 772
113 709
938 510
299 40
677 851
254 586
96 612
651 812
655 812
358 996
265 173
39 59
646 225
540 636
962 138
435 480
52 134
787 461
826 429
995 725
147 170
501 569
70 550
517 237
497 576
928 228
360 998
21 879
961 108
680 532
610 845
592 320
219 767
763 169
729 105
498 199
680 675
148 52
61 116
465 779
299 803
318 426
313 220
808 263
184 545
439 315
666 749
580 811
671 636
287 359
252 880
788 161
554 934
386 84
387 277
740 909
154 40
785 378
486 462
644 715
352 497
867 514
689 998
162 638
328 330
650 923
438 853
482 524
382 108
720 843
537 267
167 576
97 268
138 326
747 342
489 106
452 122
275 547
607 738
684 317
794 269
79 261
245 557
712 910
767 1000
660 438
480 722
46 545
30 234
822 70
915 608
20 68
96 290
370 129
349 497
229 74
397 698
16 675
313 39
8 531
225 755
229 219
831 365
216 726
697 137
825 956
630 825
356 210
910 711
617 450
848 224
332 43
1000 69
564 334
947 638
414 513
192 621
281 972
393 266
929 840
824 98
164 707
826 560
60 556
558 375
709 873
951 828
151 820
136 65
873 644
568 470
472 43
697 694
860 902
535 658
593 345
847 620
78 694
539 196
800 296
348 676
424 236
226 328
724 447
338 398
636 643
196 624
31 355
643 51
576 254
390 592
691 223
123 929
73 84
112 446
205 591
97 78
953 885
326 913
662 95
644 574
172 303
568 14
470 716
549 487
993 229
352 235
832 677
634 753
231 669
154 960
837 333
141 710
348 270
298 759
530 970
214 419
909 705
474 468
665 357
868 676
121 877
506 997
56 940
879 36
661 209
720 371
459 409
811 844
835 66
843 639
660 31
869 431
545 489
412 160
824 288
77 212
683 39
521 320
939 177
252 278
750 13
753 223
311 963
190 964
530 289
513 533
971 241
972 142
479 430
283 211
446 317
613 269
235 698
696 56
152 810
744 836
763 224
839 79
16 516
792 762
278 325
647 836
182 795
855 673
662 575
5 516
796 817
544 218
321 727
140 301
458 83
641 880
439 355
615 714
136 604
819 449
268 73
537 560
211 113
866 81
244 239
318 850
391 162
247 591
609 247
607 516
64 629
505 622
125 301
300 289
702 903
137 973
681 956
755 672
133 537
638 68
125 15
107 524
401 849
608 23
826 82
111 972
737 373
452 484
498 387
33 270
896 140
863 950
538 753
315 584
101 119
157 165
603 413
713 589
966 873
200 408
203 555
405 567
695 391
734 816
846 930
63 2
587 542
147 81
254 264
985 367
90 397
351 38
796 337
501 469
797 136
982 396
195 586
824 26
511 684
520 307
703 290
762 746
435 469
145 178
933 809
113 326
4 243
117 662
498 696
961 48
424 952
532 553
620 665
169 69
406 298
165 913
307 320
701 912
848 684
558 779
45 716
175 313
16 478
40 468
650 789
761 110
463 498
657 347
418 689
148 538
679 974
116 406
577 652
172 352
814 83
727 758
927 464
430 856
197 179
70 323
435 706
646 632
519 650
953 660
135 806
965 190
489 141
676 935
534 461
560 840
667 556
693 548
879 265
702 818
133 637
124 766
457 713
670 280
745 126
263 738
823 839
354 742
708 133
893 159
110 155
424 776
538 580
6 438
447 192
750 491
290 669
826 315
868 82
622 161
738 488
518 428
960 1000
247 36
126 911
274 24
485 644
406 613
14 110
363 440
455 488
60 504
761 605
355 172
309 576
263 993
51 231
491 284
753 961
825 460
40 884
617 411
766 426
151 128
139 888
553 442
159 413
580 901
134 993
999 494
13 240
416 518
970 213
553 459
681 30
844 766
679 171
667 95
961 830
84 59
821 730
365 686
442 509
478 471
559 458
385 993
802 50
987 683
805 561
639 664
221 564
971 651
154 88
183 253
839 458
639 105
179 519
146 799
723 66
616 914
780 11
475 285
484 453
121 389
214 698
810 897
741 699
153 386
7 43
543 117
487 547
182 90
689 417
96 135
608 223
775 183
262 14
393 845
547 940
752 938
414 213
881 522
493 324
954 950
574 631
78 358
67 243
787 266
479 774
741 127
777 717
534 900
703 55
635 837
545 445
603 227
492 290
256 608
397 753
308 444
237 498
57 884
424 657
99 17
743 808
91 597
535 572
312 806
408 933
61 949
647 978
763 199
933 225
312 661
701 133
463 886
209 883
542 885
108 7
143 512
141 853
84 232
748 55
306 30
39 832
79 823
391 411
35 437
291 799
311 320
5 961
391 296
230 272
454 99
573 286
12 553
225 112
890 986
488 734
895 407
444 906
934 721
12 129
604 299
452 968
989 255
21 189
404 811
477 395
595 24
724 892
357 885
742 876
513 285
241 740
314 24
722 109
426 574
870 61
564 888
508 112
160 898
590 908
612 588
349 610
354 844
353 615
266 710
111 24
82 750
382 769
61 340
54 328
937 868
350 691
665 277
872 335
565 884
373 231
167 56
479 890
422 462
722 576
7 608
321 249
565 22
233 533
332 479
170 14
796 334
501 496
467 576
213 428
181 654
772 487
595 545
186 884
26 705
267 943
445 9
51 174
235 701
715 247
221 610
921 852
309 874
696 168
697 721
810 336
43 579
518 944
265 942
527 898
969 322
109 675
978 528
745 811
690 156
511 275
126 274
823 408
917 595
353 86
745 692
598 620
642 458
754 870
171 942
813 371
616 859
311 198
706 919
719 197
183 31
331 776
942 216
858 799
197 879
920 502
406 190
957 933
745 359
671 907
965 362
489 33
172 50
634 901
711 991
689 713
470 971
516 779
800 53
119 592
154 596
780 896
196 207
834 601
154 711
17 785
768 119
474 88
590 138
792 125
422 264
796 274
890 864
997 140
835 33
764 137
105 284
233 727
860 404
826 292
829 963
740 226
928 154
13 694
360 238
660 931
293 646
114 421
424 305
856 590
48 571
511 426
164 693
455 118
132 171
623 969
872 216
506 442
623 405
529 509
898 212
193 60
415 917
732 752
411 18
416 652
131 243
1000 602
109 930
5 615
463 223
531 483
878 910
516 373
149 620
424 165
795 470
709 356
321 547
503 863
992 952
809 278
477 160
650 786
649 701
120 867
482 598
885 490
680 260
400 973
419 123
814 80
373 480
969 41
424 312
944 281
259 352
379 732
15 858
235 400
474 760
79 291
318 937
694 260
695 117
789 240
538 816
768 821
842 618
937 898
354 66
24 37
99 939
996 443
135 307
677 960
343 204
772 980
954 915
519 431
929 215
306 942
290 299
845 27
314 421
320 682
172 971
251 962
580 175
327 361
518 18
901 426
138 966
731 461
753 277
237 124
366 352
95 866
332 400
596 837
958 164
706 133
105 983
545 1
235 615
587 650
559 901
623 312
866 479
652 838
998 820
723 277
114 683
99 234
687 844
212 300
365 506
247 797
614 899
815 232
502 189
182 831
936 443
917 824
278 258
981 321
585 616
987 908
344 186
296 61
739 439
101 822
46 137
122 499
16 428
70 115
886 497
690 164
981 419
286 555
838 116
382 176
844 989
314 688
540 486
597 755
157 774
305 19
749 984
348 919
821 609
573 362
279 483
159 89
253 814
606 754
846 317
764 773
228 636
49 103
323 832
90 637
326 597
58 415
358 378
401 911
578 841
426 490
797 745
390 65
628 147
318 679
323 15
752 939
380 996
931 460
91 123
539 975
557 378
560 34
669 320
933 731
826 365
910 709
7 947
589 58
886 708
265 100
329 825
751 794
898 976
537 595
613 773
137 162
88 688
855 968
753 130
991 152
169 849
846 693
755 398
400 275
973 526
479 453
507 900
271 457
95 245
506 212
680 641
592 445
683 534
101 985
464 832
789 680
14 276
421 318
574 460
173 461
121 100
304 516
891 600
243 610
992 855
260 515
214 12
27 776
155 516
667 856
779 642
433 66
453 143
921 213
961 724
926 582
304 241
158 748
253 818
89 785
453 272
699 472
42 845
25 57
871 254
837 442
181 390
132 862
488 780
917 99
997 949
177 688
675 177
513 62
931 283
471 50
811 817
812 14
209 103
281 626
870 284
587 790
567 276
203 513
43 216
924 615
488 441
553 795
275 895
747 769
911 136
164 771
56 140
536 150
220 903
313 291
1000 419
930 402
233 266
891 75
748 592
584 561
77 620
578 51
440 218
145 212
511 795
977 695
249 360
501 428
258 265
369 903
958 297
209 862
364 254
368 249
83 350
634 758
253 658
363 62
182 662
79 778
679 855
323 621
635 92
130 23
331 698
996 844
188 769
279 442
784 120
100 213
951 484
893 806
476 4
478 718
866 843
581 103
68 334
680 328
3 573
991 884
465 430
603 576
106 424
793 24
958 738
172 51
410 584
346 330
974 72
779 106
711 879
336 443
246 850
742 887
409 513
893 249
824 480
146 692
509 752
241 370
186 725
149 463
765 447
413 458
898 456
6 347
136 294
85 434
103 905
290 742
365 98
312 18
651 739
798 854
4 991
856 766
913 156
580 250
754 229
543 90
422 213
512 557
463 523
514 783
967 107
364 60
327 200
365 277
43 529
622 711
625 225
678 117
554 175
758 391
580 931
501 102
28 282
469 504
786 458
112 139
147 636
296 66
297 303
596 341
870 604
728 69
126 547
615 389
623 840
572 206
828 160
297 440
780 259
581 757
710 196
710 270
654 213
315 204
107 430
549 347
313 858
546 691
733 31
182 271
996 759
615 95
267 15
234 182
591 22
941 67
401 670
304 8
12 473
16 924
132 790
663 538
638 804
280 33
962 709
409 707
391 823
820 731
893 955
949 135
256 90
96 422
243 218
500 555
907 477
466 903
962 334
586 660
642 898
336 117
628 976
423 119
150 661
462 747
342 397
555 380
422 309
538 622
764 174
232 103
132 362
299 459
636 464
929 48
808 831
311 916
829 599
1000 507
892 185
576 698
425 130
28 41
920 587
207 581
333 906
227 411
321 962
748 815
143 697
847 917
743 740
374 73
433 409
126 766
397 62
571 863
97 980
60 216
649 877
728 178
726 653
101 317
433 490
456 597
438 581
420 240
918 339
709 694
286 665
287 352
907 901
335 530
960 116
154 55
118 876
871 358
514 343
861 140
933 271
115 534
701 803
11 755
853 600
379 925
948 844
36 134
222 617
689 884
905 951
876 478
183 70
370 587
477 421
512 602
965 144
15 953
533 828
71 781
220 457
242 657
851 619
885 457
836 131
751 776
181 466
55 239
21 121
573 700
160 723
395 348
110 347
38 724
475 938
811 980
741 411
462 340
466 619
566 94
345 586
826 251
755 19
744 256
854 709
712 254
399 210
204 154
960 808
261 221
100 75
962 378
711 597
15 482
552 790
882 5
60 713
890 520
281 800
981 703
817 694
565 48
593 272
432 921
139 183
701 417
630 585
230 891
658 371
782 162
783 143
881 37
511 870
666 955
169 225
478 117
649 175
545 782
85 61
503 450
624 769
914 189
273 67
575 702
578 206
178 192
625 169
166 353
173 443
959 684
321 712
50 390
986 714
36 885
364 298
348 679
809 179
274 69
903 745
62 545
139 580
654 293
947 221
693 757
224 219
40 976
125 913
12 44
552 9
791 314
135 182
672 930
802 593
26 527
344 723
629 150
989 362
29 576
690 314
233 189
306 563
626 700
73 260
145 887
206 104
499 30
800 58
779 496
376 851
841 783
922 858
589 409
92 151
521 649
774 309
668 808
561 184
764 897
323 93
361 146
548 386
825 771
149 142
389 362
784 218
935 467
816 857
447 181
214 128
553 794
950 308
54 505
916 396
185 126
612 307
208 41
462 594
536 151
609 999
973 382
422 460
170 125
703 85
851 798
937 405
665 934
902 981
571 819
815 476
817 803
26 719
251 393
47 823
213 27
30 931
536 548
277 830
155 414
430 573
329 391
347 858
406 269
248 561
7 241
491 119
808 307
183 597
866 89
92 529
757 225
151 424
948 742
642 345
85 668
616 718
819 371
487 417
882 269
337 440
559 381
432 468
988 249
864 311
112 556
3 431
416 443
62 910
980 405
233 264
396 710
89 876
666 228
582 336
875 742
414 486
845 898
665 36
349 723
336 670
211 686
945 705
747 416
965 505
695 128
310 166
190 472
121 669
955 192
972 666
718 82
152 431
15 260
661 242
792 127
320 832
561 902
391 513
674 127
573 985
319 995
251 937
859 214
18 716
679 67
624 540
614 898
479 126
765 625
520 310
446 732
29 428
639 685
678 27
702 846
577 212
192 886
255 293
112 61
352 524
574 171
244 522
197 380
172 821
101 784
209 970
231 141
757 197
424 167
889 437
876 213
349 431
202 484
131 772
499 666
705 475
857 512
508 724
809 421
24 619
282 303
163 96
609 16
404 894
427 695
637 738
76 662
612 800
439 772
319 498
510 903
324 68
295 325
116 806
287 737
290 71
419 1
354 882
996 421
688 126
543 432
142 635
125 129
21 326
685 863
834 699
542 248
161 67
508 126
317 332
744 180
997 174
873 848
983 399
773 349
242 129
261 9
303 386
285 147
754 36
299 676
859 529
804 820
395 847
697 444
661 601
482 466
320 505
545 240
426 725
513 594
535 533
668 250
998 901
969 941
606 410
739 55
522 531
356 717
359 286
280 872
92 955
790 179
239 964
900 404
601 427
909 418
895 777
878 569
974 696
494 966
23 52
80 662
101 820
410 43
838 475
257 948
938 517
563 912
361 744
892 860
783 671
110 941
532 925
519 965
80 948
10 599
167 384
84 804
196 318
417 703
533 601
993 108
505 982
500 84
727 663
712 724
144 288
590 661
292 888
901 790
301 246
253 157
418 946
920 304
495 192
22 304
101 345
180 616
327 779
272 531
564 790
945 828
573 642
289 816
275 261
537 218
3 786
722 166
620 611
119 538
582 698
380 998
147 319
883 451
560 36
447 368
36 252
525 794
761 450
398 790
312 237
55 591
26 935
816 179
730 975
514 727
843 548
56 242
609 986
902 863
816 668
893 386
996 498
332 438
498 906
673 470
285 1000
783 25
689 478
830 28
87 557
716 99
238 939
423 559
191 595
770 618
613 630
173 553
140 438
359 258
126 618
538 400
991 350
26 172
83 309
357 702
529 51
69 266
733 307
201 898
679 685
866 916
91 668
855 939
179 414
909 168
148 622
314 850
866 775
174 875
761 43
409 126
33 826
534 174
420 346
685 338
62 915
72 879
479 419
37 735
224 58
154 861
798 386
945 126
43 147
915 674
10 834
742 111
287 407
985 810
597 910
505 944
435 989
137 695
814 731
599 835
581 820
909 765
436 869
642 984
699 809
883 52
521 537
189 891
524 404
484 169
836 390
30 85
396 871
552 981
503 140
869 90
997 149
194 834
746 407
747 882
234 579
82 527
398 507
682 846
220 897
958 147
155 706
47 976
928 322
322 81
86 62
363 615
237 66
521 213
959 783
462 877
798 651
913 419
881 119
312 854
332 200
665 854
354 209
781 620
492 588
711 239
365 400
575 332
958 348
27 170
139 820
545 809
178 786
624 814
74 323
705 35
766 916
322 533
528 306
499 611
887 716
835 817
415 353
255 102
624 200
75 964
793 561
39 865
562 462
49 737
286 726
16 502
418 566
610 450
352 318
560 755
939 940
656 819
343 909
598 667
157 716
547 348
197 219
514 143
168 495
524 116
943 514
638 366
713 53
126 66
515 267
963 445
345 886
737 280
993 886
263 134
819 814
234 370
785 642
237 593
629 63
148 70
519 465
461 9
462 354
871 962
305 485
241 487
920 6
73 822
161 166
548 566
508 91
848 280
636 71
208 135
319 925
211 892
985 593
911 377
800 230
371 578
768 631
213 363
199 328
989 934
204 34
446 483
433 768
471 532
330 664
368 510
920 706
942 884
687 708
742 689
126 982
854 95
624 620
623 406
806 210
421 176
369 839
373 663
411 102
606 447
878 704
38 443
795 796
818 663
88 904
145 71
357 813
834 429
473 173
356 697
16 308
933 55
259 88
795 58
173 386
781 195
141 100
697 972
739 329
279 250
276 642
452 734
70 165
880 785
697 829
496 522
153 799
286 605
344 622
608 651
856 308
420 259
594 946
122 130
286 492
568 957
589 749
519 646
461 890
997 797
139 250
548 204
489 113
605 67
76 663
383 533
495 175
956 403
235 315
957 966
318 940
745 320
943 663
453 615
805 658
827 422
332 632
859 841
346 300
76 629
955 346
82 290
245 886
86 698
629 528
152 396
959 387
561 848
265 147
350 654
538 695
241 169
816 866
488 499
305 563
91 737
293 726
664 406
744 196
375 126
360 205
713 847
192 48
78 603
942 812
907 923
450 962
86 583
563 422
538 799
30 617
21 874
597 203
209 762
874 960
527 176
79 569
80 617
264 352
434 176
164 281
222 45
311 602
911 739
978 949
923 92
31 587
993 272
652 389
875 212
861 793
753 688
899 100
891 558
188 418
698 694
680 85
11 757
943 996
128 567
755 552
96 481
684 532
103 216
278 217
894 189
105 146
6 50
813 457
228 639
10 438
727 519
789 160
867 884
561 1
176 97
436 531
552 732
758 766
372 429
581 863
103 527
16 521
77 176
479 620
447 2
241 873
659 618
729 264
426 228
242 960
7 858
472 581
218 105
147 175
648 584
223 504
298 961
525 874
211 858
328 632
717 194
864 266
119 161
747 951
53 202
934 333
873 621
434 483
718 737
868 336
87 146
985 468
752 505
109 180
200 912
39 649
26 536
227 441
393 495
142 178
326 447
777 369
616 423
65 423
943 68
711 40
587 102
628 890
352 565
776 183
174 882
1000 917
59 446
66 698
119 253
418 531
308 867
917 571
541 651
581 366
965 975
642 482
553 197
206 477
335 251
525 407
748 352
343 732
780 438
757 478
49 55
158 723
749 842
474 524
440 916
719 22
978 108
581 17
339 474
824 890
950 206
456 158
549 383
408 33
211 660
231 745
702 718
314 151
857 576
10 540
565 606
328 807
57 367
789 934
607 995
305 163
851 597
458 845
313 182
812 408
816 859
232 18
985 628
590 500
363 824
823 568
385 578
155 596
194 242
17 587
180 385
646 162
610 172
996 35
941 990
212 530
998 657
655 144
569 87
734 635
825 189
114 268
501 508
304 235
412 67
501 365
304 999
715 235
476 701
421 108
89 799
84 298
553 357
457 344
57 630
792 767
296 105
813 572
944 821
556 595
734 70
662 675
938 587
575 946
637 777
226 472
700 48
149 822
187 495
325 405
642 121
129 426
979 1000
410 437
193 803
196 390
715 994
438 79
573 512
888 46
140 765
419 270
242 727
557 12
854 950
871 876
855 363
589 443
332 932
557 157
7 252
466 926
536 424
194 521
85 237
92 793
534 614
781 971
102 612
838 791
877 819
807 473
312 21
612 416
351 412
798 853
299 901
53 258
735 314
111 508
226 854
759 416
246 285
601 770
623 625
521 65
248 881
875 572
748 966
465 90
882 700
443 584
1000 719
698 95
696 328
18 972
383 242
537 813
724 286
66 960
507 574
257 573
630 192
389 708
819 435
514 479
861 820
810 594
524 129
300 516
118 775
945 505
446 798
857 661
969 499
36 30
787 702
645 421
330 319
287 652
442 341
652 192
871 460
16 98
572 47
735 557
6 589
893 741
948 794
608 891
201 187
633 152
45 122
656 417
675 415
42 768
594 213
352 168
224 71
440 306
670 735
693 559
732 75
805 657
759 802
478 971
326 66
690 595
569 610
431 593
383 842
816 5
864 991
551 999
902 87
7 881
159 586
147 146
884 451
423 193
523 287
446 660
488 500
289 229
364 607
332 61
110 975
647 694
906 380
636 467
194 58
176 497
570 961
976 488
851 984
673 456
343 191
240 307
47 673
27 375
744 995
530 354
131 309
26 517
463 1000
869 597
598 125
731 68
216 171
682 456
890 183
174 740
361 803
213 834
236 101
112 91
621 727
517 282
848 623
979 503
89 381
36 860
408 667
524 761
301 304
302 251
219 683
627 919
718 643
991 757
259 196
903 535
117 56
781 119
794 996
844 985
59 371
222 968
335 230
40 324
558 10
463 322
299 311
799 228
434 580
756 135
461 797
387 582
409 898
927 64
729 713
125 464
719 874
557 630
22 310
867 887
980 574
934 640
254 831
223 692
759 774
1000 665
358 755
681 776
573 810
36 71
449 520
945 643
877 985
806 716
589 212
594 362
996 298
190 353
999 190
677 881
592 855
631 905
703 941
398 285
479 146
721 373
959 132
599 253
51 443
413 288
102 465
471 622
256 613
117 902
333 585
942 841
398 63
627 669
575 453
791 382
905 620
899 903
443 515
61 944
934 191
536 634
79 540
631 963
933 936
639 500
605 548
398 968
628 891
700 344
330 767
888 1000
101 965
414 439
31 558
943 356
663 181
404 803
335 420
945 432
943 165
692 923
568 681
3 150
831 900
903 635
705 272
118 847
205 585
546 629
465 676
616 868
72 770
791 311
250 796
67 521
513 356
340 531
879 622
556 451
300 129
34 309
5 267
823 119
422 948
885 426
875 710
674 261
825 663
609 312
938 897
461 99
880 458
902 342
945 862
237 311
37 896
35 712
775 295
501 808
720 248
369 494
976 146
260 363
850 631
412 190
160 847
342 59
800 433
912 825
68 607
52 68
476 920
459 74
759 141
65 247
713 919
455 30
664 55
8 113
887 59
446 295
708 670
123 406
51 181
566 532
680 579
5 743
626 259
537 852
386 722
648 161
207 574
333 847
140 453
786 83
882 744
213 341
904 922
189 112
652 616
134 787
878 516
347 972
170 591
64 198
373 68
984 23
326 186
348 646
735 810
706 572
800 441
934 894
550 373
572 149
170 865
796 557
70 206
537 683
477 200
121 358
106 242
896 582
606 831
774 603
407 594
305 168
197 874
988 107
366 563
187 716
22 271
719 671
29 545
601 491
90 561
567 33
112 211
231 524
876 711
381 255
879 352
519 467
392 530
279 890
44 680
881 580
94 891
96 480
314 283
657 44
798 41
637 31
238 442
609 550
686 674
877 673
659 274
553 891
879 183
368 525
833 539
389 109
191 209
651 769
416 197
803 979
275 138
756 593
118 446
946 749
754 142
954 572
169 796
540 821
777 93
979 201
730 382
618 993
198 401
270 2
27 283
26 936
529 234
922 612
715 103
347 955
593 583
904 950
346 268
126 593
884 549
150 983
83 382
100 672
992 974
260 560
541 705
121 32
767 441
35 368
698 656
273 443
940 565
957 369
666 494
233 344
344 543
236 597
756 172
120 70
637 767
450 235
549 441
932 311
520 689
634 563
96 174
349 564
353 561
815 516
570 394
936 720
168 890
998 274
124 363
253 329
471 502
259 830
665 295
354 736
247 367
194 793
447 121
967 630
531 949
881 753
474 57
973 33
777 782
480 861
251 985
267 419
220 980
920 770
405 83
923 610
864 698
806 274
440 231
773 235
43 962
764 422
32 433
251 39
770 22
256 521
9 967
963 642
692 76
985 510
161 652
455 486
94 290
773 909
721 468
868 269
174 634
105 831
514 751
1 960
75 211
703 477
31 676
65 190
765 884
259 41
352 851
738 83
120 678
458 314
230 671
1 531
39 811
23 166
704 424
878 798
610 392
131 769
741 882
482 631
430 783
782 544
269 691
897 714
60 503
206 374
443 128
942 170
410 379
124 971
766 366
839 742
935 999
183 66
883 361
870 184
681 972
675 442
452 97
182 158
142 258
386 403
903 218
140 646
858 638
760 929
44 42
228 863
154 614
693 435
819 872
894 492
452 263
45 400
911 413
25 140
632 330
426 265
967 602
716 730
223 506
59 803
727 437
622 212
768 163
770 277
368 647
983 815
204 21
226 573
622 71
471 617
882 912
385 774
565 173
130 934
383 583
866 508
994 681
186 858
833 237
715 193
648 134
411 32
69 580
434 195
622 784
860 925
476 586
320 230
195 806
532 751
576 972
165 962
937 121
445 306
914 347
774 963
4 471
558 986
305 848
857 675
197 450
725 229
406 54
62 692
106 780
770 173
554 532
663 410
296 828
704 169
614 492
409 67
157 741
50 887
236 526
719 99
210 113
356 869
537 488
42 822
719 16
957 923
68 230
803 109
327 859
464 788
275 580
408 35
906 878
618 20
765 195
785 667
419 485
955 279
281 452
104 801
546 328
820 671
231 632
180 766
417 132
937 989
958 549
725 806
530 852
911 497
713 602
343 243
346 149
792 103
760 406
538 535
998 437
157 75
661 331
99 708
172 904
981 750
881 266
276 926
523 232
726 146
229 986
912 826
711 458
826 620
398 331
190 975
757 34
147 201
857 652
335 115
707 58
161 692
915 287
721 92
387 150
425 111
977 682
338 696
190 809
971 717
749 454
239 904
776 198
409 483
448 55
800 220
505 74
947 31
318 418
472 445
784 704
982 935
71 508
454 396
292 511
974 759
546 966
898 809
586 455
438 944
5 815
211 69
819 375
378 525
112 465
172 379
580 520
541 798
943 926
675 276
322 980
518 475
387 624
686 116
743 125
885 236
391 532
701 585
614 234
444 726
582 340
531 889
881 793
188 723
840 2
534 282
486 105
311 27
162 101
338 122
309 498
920 9
258 944
336 432
246 855
138 202
124 439
307 721
287 559
471 322
367 797
774 55
85 460
33 97
731 118
324 544
18 146
506 738
638 523
380 271
273 707
94 549
542 461
514 998
471 529
895 329
613 856
925 332
431 391
117 750
562 941
416 787
593 565
596 636
887 399
526 99
109 779
294 871
88 58
22 893
705 189
745 888
190 551
138 724
662 845
439 348
671 529
89 513
49 403
516 900
790 80
41 567
541 994
357 981
125 345
987 610
641 336
921 144
633 158
227 877
15 928
469 936
555 695
564 911
140 739
131 264
252 556
628 22
48 2
837 270
196 154
894 497
864 164
764 965
525 609
731 180
275 346
95 549
313 656
320 817
105 337
640 100
760 125
627 500
169 716
375 327
206 608
190 165
321 877
412 231
233 582
551 84
204 65
840 53
302 722
476 833
648 796
100 769
509 950
89 48
196 852
170 689
39 742
360 762
159 266
162 252
581 807
285 723
791 873
613 487
568 288
786 299
37 227
848 607
410 55
84 66
613 331
378 867
641 945
24 941
278 102
440 365
192 227
286 557
268 8
841 218
533 756
952 669
628 694
809 372
3 205
921 338
443 18
724 129
927 300
162 630
51 878
661 154
197 334
949 841
986 709
675 445
823 109
145 910
44 148
908 301
965 300
879 298
663 565
923 808
267 780
894 493
612 550
243 189
595 976
301 549
602 960
803 319
419 550
261 183
427 83
