1000 9888
376 649
825 964
937 642
80 125
479 783
975 906
67 137
293 759
935 8
498 823
794 888
356 169
414 521
275 197
367 555
963 720
123 31
95 989
999 131
817 907
30 584
344 463
717 946
995 766
994 281
888 780
282 909
510 793
753 998
860 926
259 503
995 929
744 767
86 466
605 546
853 436
88 242
641 876
913 7
933 460
793 601
22 805
773 531
408 761
867 473
540 337
984 347
72 940
144 98
75 570
701 834
353 956
357 924
283 553
840 442
594 889
225 981
685 334
637 565
735 719
733 66
571 171
202 538
775 861
870 165
104 516
391 84
103 334
876 590
419 279
628 479
367 437
849 478
499 229
797 598
747 443
430 629
662 288
304 271
772 795
920 46
134 24
655 590
220 808
95 637
595 605
247 342
963 1
820 958
677 787
242 114
833 573
831 30
686 759
88 628
19 6
702 270
851 805
393 37
342 168
643 701
868 224
263 768
912 842
131 447
200 800
437 573
890 267
660 603
330 834
298 484
303 21
490 524
734 299
424 664
545 926
819 43
13 160
633 324
352 724
226 245
796 777
875 256
365 734
258 184
226 356
999 867
253 541
806 196
387 341
260 749
64 486
245 625
107 440
277 366
978 301
488 545
303 574
72 800
89 966
589 709
844 882
866 662
300 208
339 266
620 905
974 176
210 229
138 262
780 857
84 574
177 500
250 802
694 307
20 793
615 279
266 162
33 661
414 122
228 784
759 860
84 635
885 385
128 62
664 224
336 433
194 819
86 781
713 629
396 775
863 975
989 640
648 692
422 259
781 968
926 243
584 486
533 307
740 233
831 50
691 999
907 738
385 732
224 850
355 986
854 83
69 268
740 350
616 196
528 870
446 705
543 829
658 473
285 257
606 419
734 372
436 479
93 403
796 79
728 301
726 776
108 55
553 326
516 94
790 533
991 508
939 593
304 740
909 441
54 198
738 102
771 424
792 845
302 226
549 99
363 16
117 33
135 582
227 545
301 346
782 731
35 370
991 547
760 459
639 125
477 298
206 280
68 281
396 272
14 867
555 793
353 853
941 44
562 163
542 156
675 384
509 106
914 868
956 431
153 430
211 736
358 337
894 103
164 143
110 470
688 198
564 831
368 800
847 650
223 738
940 10
816 56
393 857
711 841
569 720
501 804
946 986
873 202
896 31
533 486
826 336
898 677
973 223
132 449
209 306
309 247
575 204
760 579
356 182
229 896
322 98
413 345
809 165
832 11
860 661
296 488
220 536
35 321
41 436
932 209
711 179
584 262
863 116
891 855
486 521
325 901
365 388
937 3
387 126
151 9
887 259
943 29
529 441
412 731
303 451
348 729
187 733
848 753
61 252
893 319
62 527
871 271
288 600
552 245
688 222
678 373
257 911
790 275
828 66
616 764
339 119
122 365
303 656
308 826
917 660
780 428
893 533
340 651
658 528
788 935
295 689
421 538
373 461
922 17
516 517
314 925
97 283
211 271
432 96
324 22
931 6
349 402
673 579
949 950
909 821
99 895
371 962
44 36
569 643
253 506
347 125
480 602
483 621
45 398
998 316
391 678
530 878
459 500
591 391
495 274
483 506
677 894
552 909
684 763
955 600
794 982
356 219
263 633
803 540
368 697
829 516
834 954
502 724
40 683
555 124
683 67
522 847
618 916
565 171
952 32
811 295
133 319
27 340
959 871
139 958
545 151
798 547
506 509
970 396
496 59
244 681
80 442
852 936
890 359
304 846
191 606
748 777
30 984
549 840
145 985
165 127
670 648
773 65
652 470
299 774
709 515
122 431
654 188
640 858
553 47
644 882
738 117
779 989
913 355
729 366
549 59
509 494
861 889
168 218
371 501
724 55
785 349
236 761
143 863
554 530
365 350
120 930
379 570
538 46
63 713
923 632
338 56
709 71
336 722
235 448
258 281
608 917
400 554
183 209
385 154
1 999
153 358
569 348
824 749
785 665
328 988
664 790
443 509
638 928
223 570
320 971
906 78
870 279
980 819
128 450
493 288
378 68
439 670
902 18
651 798
737 334
694 912
843 630
788 221
229 479
939 27
8 647
355 848
359 776
693 216
659 360
19 9
322 457
167 129
794 861
356 334
323 415
440 161
264 79
781 534
998 868
200 801
19 231
683 828
502 978
105 868
87 716
36 546
759 254
356 563
677 295
493 248
240 92
69 454
631 928
763 360
444 974
735 902
667 110
574 332
482 872
487 249
737 612
295 906
499 535
120 736
581 445
691 149
305 882
822 953
75 584
465 628
286 618
197 53
495 944
745 913
337 434
124 926
783 835
45 18
488 945
145 964
666 238
229 326
448 659
515 487
699 106
614 123
980 625
102 641
401 840
717 322
264 576
779 99
39 149
128 63
846 137
998 452
216 744
965 834
510 674
812 376
872 403
664 24
233 735
846 939
996 124
816 714
458 704
716 371
700 872
906 471
454 915
533 681
541 233
851 945
745 495
263 871
840 751
332 330
246 384
655 406
915 317
188 265
78 909
138 876
741 822
691 418
506 164
507 71
571 697
808 277
311 482
982 577
969 358
827 896
443 923
689 615
687 244
467 17
178 484
597 733
773 182
398 673
58 574
735 664
11 716
339 203
340 368
378 559
822 564
533 591
828 413
352 78
784 91
159 109
624 410
405 45
633 156
796 722
836 775
693 698
822 342
568 817
366 978
349 640
882 127
997 788
106 503
145 817
737 319
335 578
206 279
140 620
950 37
203 736
707 784
282 303
205 35
794 576
946 987
626 819
661 272
742 997
856 788
105 480
441 806
315 845
863 704
220 838
238 721
894 770
398 39
330 697
938 56
955 906
833 262
869 704
798 708
503 326
217 105
579 951
339 570
32 146
436 444
829 419
836 793
190 743
69 510
903 323
437 790
61 138
230 515
781 145
490 724
416 543
518 880
813 512
173 481
156 721
107 101
568 657
788 834
36 943
933 423
883 708
974 557
244 778
761 160
652 273
162 517
950 250
541 851
581 262
653 185
503 936
676 238
714 441
419 31
353 775
617 562
727 685
84 657
551 744
922 221
802 951
548 183
806 5
794 275
727 499
158 922
471 177
42 627
812 147
488 167
984 812
432 916
185 137
58 249
497 943
798 213
33 461
915 987
369 373
367 230
449 701
108 918
750 285
806 595
117 864
423 225
9 181
372 767
693 195
721 819
440 23
631 411
423 886
950 78
299 300
947 584
697 730
324 905
346 833
750 862
114 485
441 691
298 236
27 422
854 41
215 146
501 161
454 987
865 832
207 689
833 892
985 479
877 25
353 389
373 842
748 778
951 935
53 536
493 673
739 89
139 671
433 446
911 737
398 972
611 147
403 950
960 393
641 866
550 498
643 172
349 147
832 243
170 998
303 710
552 210
348 813
349 4
279 313
514 306
956 976
640 875
49 625
957 694
724 167
376 13
529 855
785 493
126 217
219 937
201 230
525 483
107 764
667 638
751 216
529 625
506 777
676 887
146 934
412 683
147 387
962 516
158 1
772 773
702 578
461 240
500 618
375 878
573 89
237 905
475 828
684 200
356 105
319 103
656 937
808 960
207 966
280 429
692 370
930 315
414 984
755 274
186 539
960 954
479 242
885 923
941 985
612 24
61 782
208 846
319 682
748 584
251 224
749 161
489 827
143 472
612 239
273 583
208 733
602 389
820 508
293 92
98 228
999 558
726 994
472 17
643 490
610 779
645 280
820 274
786 478
692 980
931 564
235 99
696 399
918 416
644 855
648 274
460 816
192 190
135 974
732 941
317 551
168 326
851 75
210 961
687 305
874 360
178 291
111 643
824 940
126 68
970 726
129 478
666 463
448 660
992 465
794 331
867 947
585 326
572 580
134 107
90 863
312 333
989 621
383 802
42 730
524 438
758 580
381 477
789 822
683 351
102 537
181 934
458 765
829 986
262 424
134 292
673 182
380 266
274 155
204 88
687 605
212 563
912 793
185 381
593 264
649 14
62 213
48 899
251 140
14 152
215 553
825 333
151 769
189 206
201 330
914 109
808 504
792 689
833 91
173 730
302 262
144 992
400 378
199 906
165 54
477 868
443 700
10 969
706 378
744 569
639 392
948 419
821 603
625 362
387 957
840 268
523 993
1000 978
740 924
800 473
314 677
791 149
207 82
46 84
233 435
605 187
171 901
443 120
232 437
687 469
799 271
488 543
586 216
254 42
914 723
747 278
516 547
756 168
495 836
119 888
814 968
317 752
267 7
235 395
770 434
776 799
7 57
210 199
818 390
345 852
788 338
366 834
383 992
918 981
779 49
449 950
250 951
215 171
665 442
498 477
869 186
390 237
950 543
108 796
234 483
328 868
574 577
538 731
675 63
156 426
415 598
142 749
300 502
785 898
113 835
828 800
262 826
981 562
23 342
926 237
566 148
309 245
582 484
938 263
555 533
523 355
191 241
263 676
322 96
513 227
143 114
113 941
593 624
263 821
566 438
405 818
626 101
899 513
717 826
187 787
333 561
65 179
397 340
787 180
716 118
522 651
762 788
484 562
565 375
587 483
551 260
792 653
316 219
374 65
766 839
215 95
786 407
18 813
564 714
425 821
230 512
321 740
614 784
296 38
369 720
844 647
429 886
838 27
970 42
240 835
857 756
417 711
182 449
364 476
24 991
351 742
300 884
965 102
682 487
477 268
524 939
588 871
714 265
755 735
438 153
77 503
573 466
728 613
324 16
825 525
417 125
498 287
873 238
212 86
418 60
236 859
629 988
668 988
225 558
671 219
767 610
437 241
58 134
998 306
600 893
765 29
983 74
489 258
204 307
82 659
51 736
380 108
589 160
972 808
915 820
237 198
916 359
720 160
333 755
355 903
284 409
656 876
644 425
510 981
621 497
844 613
48 843
123 385
640 655
663 35
939 509
338 720
304 832
606 13
782 85
153 814
448 712
509 635
739 88
530 101
142 295
829 55
509 416
155 168
601 392
752 44
348 703
517 825
636 458
520 817
351 693
374 766
802 647
378 757
680 55
596 107
305 54
788 581
590 585
607 533
405 499
727 688
429 397
729 703
552 384
336 137
466 146
563 512
983 923
806 944
849 467
23 650
742 102
121 536
674 286
417 303
758 843
627 226
845 871
96 362
154 582
747 589
289 981
733 914
493 397
419 630
629 545
559 778
410 799
877 551
34 899
946 992
11 433
328 523
898 875
389 116
30 382
933 631
167 131
192 584
191 265
397 698
518 354
665 942
599 389
647 522
962 120
692 401
565 141
576 762
223 9
173 868
981 957
986 997
810 183
813 788
151 877
970 689
74 330
862 227
866 254
4 145
226 1
464 918
265 587
269 51
127 80
164 174
735 785
226 355
652 331
662 252
193 618
891 639
737 853
728 579
912 55
699 273
771 252
978 65
743 232
582 174
789 256
496 211
10 505
267 26
393 475
749 808
706 323
76 874
223 981
233 129
819 902
879 766
287 873
43 384
637 312
450 386
233 18
489 440
287 757
167 867
246 824
617 948
83 639
798 131
337 909
500 591
998 506
727 152
713 634
732 306
471 350
536 477
683 350
276 856
495 340
542 23
972 342
103 819
882 242
612 479
425 499
480 866
431 685
531 851
74 938
243 517
216 439
215 699
984 849
40 613
402 116
887 101
692 117
160 78
269 484
199 103
612 140
388 438
619 664
138 669
786 33
355 371
757 942
630 312
776 23
799 805
801 420
196 949
109 775
610 812
739 400
765 804
925 539
454 93
442 637
259 65
709 729
268 401
250 160
666 268
829 208
796 927
157 903
47 279
838 6
141 238
35 375
420 443
370 890
595 271
495 461
825 679
746 737
839 616
254 472
36 107
482 735
546 712
659 923
155 499
408 321
872 934
949 558
607 879
131 599
188 540
543 154
675 18
539 961
876 657
179 814
474 369
558 317
377 35
203 738
488 122
426 399
929 380
858 394
237 746
312 362
574 582
612 669
138 234
447 144
323 170
677 839
95 694
96 624
651 856
636 378
695 563
418 477
871 349
955 558
995 461
6 316
495 345
800 749
490 100
968 563
807 42
96 862
47 913
69 841
159 999
588 219
401 263
213 106
820 6
568 87
914 63
1000 687
695 838
556 520
580 660
679 466
916 896
133 506
541 493
692 879
839 8
382 589
787 917
661 948
666 590
639 431
684 259
74 21
183 661
500 271
304 444
763 387
625 617
16 422
589 983
923 371
27 806
691 838
504 40
840 386
931 813
472 342
19 887
749 863
474 563
276 365
261 767
119 863
928 916
158 777
286 322
162 340
660 459
608 908
914 839
992 43
370 467
458 624
673 576
124 678
722 15
25 837
372 436
500 737
67 478
214 403
487 933
536 375
366 206
594 469
315 540
566 87
324 326
132 529
816 950
467 994
147 180
485 629
542 111
191 135
894 578
933 594
823 578
773 185
761 955
498 819
228 408
985 259
958 107
646 328
136 190
941 772
459 53
920 513
943 519
587 305
131 279
43 707
248 687
801 499
305 86
804 566
551 299
772 20
569 200
722 919
193 355
240 898
350 459
575 566
605 809
362 509
611 325
258 208
539 65
232 897
448 206
122 285
602 995
995 226
738 227
540 429
232 784
415 427
236 756
753 550
169 157
480 78
98 757
117 151
521 112
164 606
430 812
602 773
415 56
214 748
16 714
68 741
609 80
367 320
831 753
10 341
334 810
949 614
915 682
970 515
864 2
422 942
408 40
816 229
341 726
948 145
803 481
237 613
517 691
153 276
552 590
368 875
534 738
388 520
264 566
82 741
814 594
176 354
655 586
856 863
776 2
945 562
695 458
995 436
840 26
302 812
985 750
159 665
476 999
406 990
483 249
657 636
584 684
768 307
113 116
518 355
186 904
761 704
730 205
787 126
114 662
170 388
639 688
35 798
113 342
296 306
60 443
23 289
631 12
655 369
946 436
340 155
67 737
532 537
2 466
293 43
518 540
942 696
544 103
729 173
506 254
605 514
913 342
147 618
187 681
755 115
448 187
692 982
785 28
299 812
53 796
828 150
352 327
350 310
908 222
47 370
748 413
364 241
226 213
312 322
314 655
116 279
345 15
596 25
687 322
908 173
948 670
144 998
974 922
296 797
885 197
408 503
101 598
999 125
99 538
783 844
516 585
295 634
922 224
617 520
923 950
193 981
608 948
132 804
663 520
333 229
996 571
822 107
453 540
925 235
183 423
742 146
559 952
284 542
450 306
915 932
239 124
42 728
557 295
138 247
394 422
87 56
107 806
346 114
73 922
197 640
941 537
485 365
952 270
80 57
69 963
440 209
479 208
619 250
670 267
503 206
658 307
531 963
683 140
77 693
552 186
450 873
179 349
108 269
164 527
324 568
94 328
352 807
632 835
815 360
950 284
711 203
903 633
950 853
402 279
776 24
8 226
710 385
749 421
473 858
681 157
633 756
740 696
688 979
230 538
412 755
473 971
735 999
116 698
905 598
523 995
946 186
52 521
3 222
12 431
373 211
619 231
71 765
150 244
196 338
641 763
804 145
236 595
590 568
422 788
538 101
461 882
634 714
894 24
839 649
475 186
112 720
215 308
400 629
353 587
816 173
870 496
319 330
196 135
162 19
381 157
517 651
20 949
8 917
650 300
711 837
108 798
536 395
318 864
261 350
464 102
447 103
820 963
786 559
555 374
276 893
889 873
247 282
963 989
405 490
877 895
932 832
761 926
543 622
397 624
968 564
808 809
769 549
312 56
376 118
30 710
52 58
130 988
627 646
668 348
411 941
503 323
352 848
790 747
209 754
291 672
535 669
494 749
62 465
717 983
377 481
681 249
169 429
305 733
72 672
87 983
221 321
597 257
448 227
395 940
533 654
623 886
274 611
909 187
253 961
911 569
922 272
59 136
80 941
120 906
452 841
344 594
131 660
512 933
965 245
936 773
44 258
266 772
747 325
716 780
185 940
423 350
171 641
615 202
766 114
186 462
663 560
777 737
674 363
603 307
234 434
346 264
419 604
704 702
501 940
68 829
489 256
950 439
774 97
65 593
47 737
484 13
203 408
488 72
307 524
273 620
111 238
963 309
561 965
105 449
659 336
994 577
811 125
392 687
858 48
329 806
829 625
762 596
581 873
584 512
505 609
739 892
612 246
246 348
673 350
605 795
198 467
92 882
97 556
631 43
942 562
464 541
830 342
605 652
4 191
316 249
394 948
49 530
730 443
14 368
566 813
862 148
535 278
882 590
995 821
482 832
283 401
835 860
585 561
268 459
161 893
540 168
537 950
305 842
508 823
344 784
311 340
774 852
813 754
525 914
795 280
780 76
230 415
178 314
14 940
37 629
684 752
576 489
709 522
987 972
182 205
862 611
421 871
563 514
656 480
917 7
181 215
466 803
103 474
803 480
753 766
860 247
592 637
849 354
498 400
414 146
767 512
59 705
985 979
587 771
604 867
328 702
685 670
764 889
358 974
125 817
940 492
308 216
159 664
186 550
872 89
741 931
562 505
781 857
75 290
902 963
961 261
389 788
281 955
564 166
752 398
768 419
934 496
187 861
994 327
80 267
133 287
528 895
928 57
330 114
490 998
769 783
5 341
599 123
619 591
298 932
382 571
730 415
144 790
843 148
776 347
575 597
745 902
482 614
790 364
370 965
943 838
788 773
455 1000
940 584
874 452
89 600
475 435
875 19
280 643
906 603
488 303
727 737
253 890
617 616
382 70
295 629
496 965
906 554
448 632
993 910
646 536
538 945
867 807
428 41
999 290
954 596
663 523
903 24
337 225
854 974
163 829
774 271
136 203
157 263
833 193
91 15
309 508
457 681
884 320
328 152
315 95
381 754
548 575
785 923
254 600
31 50
373 551
775 256
134 136
726 470
158 258
52 39
762 428
57 902
702 148
392 198
195 283
12 963
111 658
886 789
463 766
66 20
928 359
857 263
144 694
17 696
557 746
941 843
691 648
892 287
325 650
653 636
194 355
251 382
568 44
881 155
739 842
520 399
499 808
777 288
579 620
1000 567
433 618
515 756
364 70
611 95
463 586
448 105
446 548
866 389
60 190
903 666
779 904
231 135
503 674
58 587
243 894
684 779
540 359
925 827
73 142
599 627
596 62
444 291
529 131
970 791
384 478
404 913
915 861
941 150
598 759
585 180
968 268
594 826
698 869
758 969
528 84
126 556
219 771
606 685
895 569
286 247
676 827
664 803
150 582
102 847
341 653
309 431
370 143
152 102
281 390
530 775
33 293
876 945
475 968
632 309
856 258
930 156
842 880
295 732
403 4
176 840
210 355
553 856
826 460
688 293
946 825
659 164
950 613
303 52
96 848
338 969
137 178
584 741
363 550
34 538
865 824
94 410
131 428
65 176
879 383
913 354
739 208
282 947
380 908
587 484
736 954
795 243
605 728
930 802
515 720
131 219
870 740
965 688
178 162
179 199
870 342
678 287
24 772
900 301
120 685
796 846
586 438
201 367
405 917
524 539
154 58
562 399
378 732
733 342
936 232
165 666
650 826
580 575
27 681
357 610
908 118
326 935
22 492
729 903
852 299
92 96
724 877
931 13
655 592
668 936
244 458
440 223
603 645
675 48
987 354
185 796
628 112
447 112
747 610
159 496
219 13
592 545
183 494
612 556
639 282
693 301
717 407
760 646
501 620
47 736
618 364
11 406
160 972
507 487
915 844
80 115
817 594
86 953
694 824
878 69
243 590
673 115
454 588
769 512
130 782
147 916
720 50
38 936
759 499
796 383
464 752
178 514
734 535
551 455
721 106
556 607
62 144
891 40
48 846
325 578
364 1000
278 472
249 344
121 829
325 979
625 213
398 801
776 209
61 57
155 60
939 18
231 489
843 235
183 586
438 918
279 87
258 174
424 218
575 897
121 112
763 417
322 809
162 946
644 782
176 762
583 267
396 503
235 153
532 955
827 829
40 409
187 474
650 990
779 702
28 746
323 522
857 582
41 625
98 610
279 648
943 737
404 112
291 326
457 594
958 754
704 509
964 928
524 168
393 698
447 331
964 39
837 319
349 506
756 385
719 831
557 176
119 579
746 251
260 459
106 346
876 874
633 55
846 182
62 123
137 270
46 958
90 246
436 798
347 205
519 133
502 619
780 759
150 174
963 882
53 19
989 807
740 243
498 194
380 528
30 381
233 631
915 217
702 307
638 609
472 840
18 172
826 631
111 483
208 834
137 202
894 862
927 953
627 577
133 286
377 702
229 677
986 992
273 907
937 188
943 498
140 509
32 222
506 141
767 846
44 865
320 217
191 718
908 432
522 734
973 776
297 319
616 539
139 524
235 103
92 740
369 669
526 347
576 72
170 398
273 471
79 911
575 778
852 397
174 113
654 447
602 884
508 489
241 960
865 14
387 744
946 479
249 801
525 111
603 578
828 357
287 976
384 273
920 451
594 230
477 482
724 933
74 738
267 108
567 57
954 174
992 469
43 389
85 770
447 367
68 80
89 105
349 466
901 630
209 46
639 608
702 610
81 116
746 366
964 313
368 536
204 374
564 502
125 980
685 947
698 380
33 657
422 404
431 686
531 852
270 232
366 337
955 756
243 518
299 360
228 338
393 227
341 157
165 335
973 488
363 458
414 730
753 70
131 448
284 553
795 889
354 139
670 555
48 790
485 815
506 702
364 48
44 950
47 77
909 290
531 272
757 936
478 203
260 794
373 959
430 406
438 629
994 61
260 937
465 937
7 216
458 90
126 545
59 497
691 244
675 731
454 104
514 327
435 562
308 812
455 975
387 695
540 407
559 437
682 263
496 915
153 150
7 279
559 282
780 21
927 454
469 960
509 243
776 692
728 653
262 981
419 324
702 941
611 760
552 746
664 804
24 387
390 86
945 781
655 750
909 682
256 86
590 977
99 982
116 856
707 791
376 517
360 394
824 537
327 574
238 495
293 929
519 188
354 760
831 382
445 559
618 265
656 614
17 1000
968 856
128 399
38 902
20 149
41 806
591 606
670 75
51 569
512 37
702 376
425 492
958 198
501 665
322 124
521 138
800 863
951 763
549 636
351 8
743 826
621 410
714 524
492 210
661 735
403 707
833 138
282 944
890 333
284 198
692 251
126 667
868 925
335 86
192 120
14 410
473 948
773 663
724 315
819 105
832 70
736 665
933 258
259 190
244 992
410 62
340 435
253 622
552 251
952 565
112 306
993 415
943 889
527 638
488 668
109 667
793 864
170 830
912 46
134 263
111 598
62 994
858 809
737 124
332 688
560 915
690 266
642 169
994 624
989 286
737 237
723 430
797 587
798 316
193 562
72 92
237 638
208 933
239 208
42 636
982 213
214 406
196 229
107 962
850 903
959 344
327 546
773 388
759 575
816 937
485 338
883 180
950 292
328 531
428 566
15 502
56 253
427 613
32 358
621 348
481 993
778 735
342 246
255 563
661 642
852 583
320 464
618 801
947 877
749 73
616 258
943 473
965 625
280 796
87 663
518 567
79 743
856 416
583 87
460 877
92 914
93 455
311 432
35 15
297 194
425 789
889 280
748 37
568 707
820 34
3 112
311 848
431 417
24 316
280 570
44 563
726 96
46 33
84 988
128 638
884 827
720 730
850 375
279 421
512 788
788 577
827 173
259 368
758 903
173 115
568 895
953 759
970 703
37 708
116 67
814 840
239 135
521 804
595 151
485 3
477 396
534 374
292 613
918 913
679 305
245 899
543 492
923 621
91 37
474 423
555 402
884 366
120 467
297 115
567 363
436 799
592 669
989 693
994 769
132 496
336 91
134 162
29 920
581 603
587 914
570 172
328 527
937 743
208 37
225 921
798 980
51 625
75 343
591 647
540 699
700 817
612 5
610 546
667 669
958 504
136 15
320 316
694 157
930 649
1 919
347 825
460 504
62 284
356 569
177 360
516 97
41 7
408 830
117 308
231 268
251 434
326 32
457 471
130 343
939 763
338 466
9 626
468 177
472 308
71 500
4 435
726 560
75 590
900 629
387 346
245 434
892 927
710 381
681 354
888 346
980 298
84 871
505 654
70 342
474 583
571 351
279 574
50 994
36 337
292 955
452 268
667 593
292 522
521 832
99 812
729 953
253 459
186 388
370 361
929 340
190 343
279 994
357 462
251 839
389 451
104 35
485 362
74 839
688 315
894 921
678 730
271 80
490 986
939 138
796 305
725 661
828 736
517 249
705 841
78 757
562 978
797 153
104 336
476 740
352 826
369 892
901 235
526 248
839 403
147 685
222 403
522 611
964 924
913 166
152 375
291 534
93 414
458 13
359 71
622 579
23 36
209 966
999 815
302 229
639 260
986 662
330 210
169 336
210 892
733 368
274 909
226 498
227 951
727 790
323 564
286 584
468 427
144 417
862 287
885 945
692 704
671 831
340 749
824 990
684 603
348 48
538 96
975 469
598 672
598 868
547 242
141 605
497 603
183 975
462 427
870 100
29 540
267 139
841 866
384 109
957 844
15 590
876 796
988 870
367 91
986 943
359 243
525 921
858 406
16 695
4 620
665 302
637 624
622 342
966 836
684 141
542 119
178 274
346 736
513 787
788 147
995 497
872 4
393 141
929 963
412 98
863 718
185 543
62 107
320 582
696 250
815 474
52 5
734 569
420 545
576 695
125 749
740 490
338 854
874 932
263 771
639 740
640 696
130 586
385 979
83 974
706 441
839 119
199 980
181 633
494 752
813 856
377 486
819 251
32 775
273 227
847 521
114 959
245 654
37 235
184 561
39 728
31 306
995 875
867 821
115 628
641 570
537 761
336 790
244 135
305 13
162 654
693 709
718 427
311 19
991 925
374 945
65 88
641 426
475 362
521 958
477 440
685 243
98 975
104 528
533 876
789 911
922 328
774 427
210 164
249 570
451 146
92 128
646 881
993 971
777 742
405 813
266 101
15 674
487 929
91 472
312 411
744 510
45 391
34 120
107 562
459 493
332 885
595 585
502 77
376 657
345 454
939 570
534 548
169 528
207 1000
132 307
613 934
542 482
986 232
682 761
973 478
118 511
687 102
541 171
891 42
456 817
623 467
294 965
614 974
652 751
84 281
415 595
454 255
865 548
536 580
134 823
614 857
782 969
953 295
752 210
890 929
64 244
946 238
529 414
94 49
343 770
622 635
145 405
866 57
687 197
926 775
50 10
253 625
274 653
266 626
174 91
12 82
89 577
935 860
507 717
810 675
25 489
939 973
619 49
529 841
988 234
510 98
58 355
573 384
177 529
597 993
167 532
738 432
997 709
853 865
697 912
237 720
642 138
867 925
101 353
347 33
534 375
719 825
558 377
390 31
135 361
817 402
121 893
512 448
325 201
458 880
898 757
186 707
11 436
933 737
711 697
503 660
831 6
335 389
446 96
324 580
492 486
349 841
77 653
647 513
748 582
839 281
750 140
464 621
751 134
391 612
236 129
570 737
94 227
151 872
837 948
679 844
305 568
592 504
576 925
749 334
877 281
420 174
169 490
478 380
80 699
100 694
71 503
165 894
945 458
528 318
966 96
469 712
533 707
454 276
921 353
478 414
300 938
582 16
651 393
301 16
504 100
418 812
980 410
233 251
416 239
767 882
37 743
701 576
556 790
903 177
68 195
915 714
552 752
770 347
276 400
280 979
210 364
176 36
965 492
859 889
767 592
110 429
809 400
2 608
295 293
794 708
669 504
931 293
346 207
642 944
312 339
320 814
599 1000
964 315
894 700
95 601
738 920
812 375
926 251
380 145
384 718
223 293
959 113
7 548
411 679
138 981
808 817
130 837
132 267
208 913
743 899
797 231
781 674
202 903
99 457
483 102
928 233
73 911
798 610
344 399
697 653
406 331
282 973
490 616
821 564
420 883
792 806
27 51
433 504
274 744
661 686
286 687
857 881
638 543
154 37
11 628
763 619
966 76
2 145
296 878
466 418
250 509
58 680
934 697
245 262
664 520
422 776
153 5
745 419
253 140
344 664
979 894
230 132
563 577
695 74
127 516
76 767
651 224
870 500
637 471
450 483
348 454
836 435
198 924
648 127
6 23
493 225
792 168
556 961
946 933
855 359
988 564
648 551
276 1000
316 685
613 897
389 183
531 882
678 711
152 549
881 1000
673 453
86 114
783 8
626 415
239 920
369 142
887 68
249 464
530 345
913 359
87 540
501 178
818 852
649 189
942 538
46 573
138 698
322 399
749 500
680 517
83 710
356 754
415 527
615 359
386 771
630 136
558 597
407 123
134 977
152 107
13 224
808 248
610 188
799 570
981 451
748 82
320 55
473 596
718 654
520 795
83 405
301 438
636 517
879 889
164 114
383 334
495 896
46 122
818 243
361 356
433 87
880 952
393 874
45 962
563 701
803 234
42 856
261 762
499 99
137 932
484 501
121 405
999 278
570 338
254 219
916 382
563 603
768 881
881 984
148 147
957 879
409 681
918 266
627 189
225 657
119 489
546 173
452 408
110 212
333 395
113 865
366 45
95 657
109 382
243 418
941 605
824 277
53 173
452 648
946 902
845 274
463 691
691 596
493 888
705 816
874 921
636 232
606 464
860 992
256 670
208 647
735 5
972 377
187 531
406 371
578 192
815 157
506 231
714 768
71 381
398 983
737 609
442 591
403 959
64 245
374 470
586 326
533 349
679 723
583 375
886 300
871 440
766 726
291 156
36 365
847 435
559 327
822 759
913 681
418 777
129 346
19 986
410 421
512 901
106 20
894 197
366 546
572 857
121 433
103 321
766 3
949 609
732 151
537 103
941 509
362 860
954 120
457 544
702 762
801 942
727 285
750 742
767 524
997 406
936 658
223 546
205 19
30 70
842 804
76 256
345 289
553 772
57 85
534 961
459 281
995 443
775 425
763 857
32 277
588 314
814 792
726 168
379 63
769 609
455 130
863 257
789 622
95 939
578 403
762 628
90 297
868 376
193 32
394 841
630 637
226 936
706 40
50 378
650 535
568 387
199 927
39 566
559 677
786 473
326 38
627 785
27 967
249 91
818 289
95 508
45 727
619 254
156 528
500 801
732 567
549 199
328 469
934 515
813 722
260 726
49 365
469 696
24 541
296 770
758 886
357 935
513 360
840 479
932 439
720 885
516 566
680 311
2 863
125 429
272 94
16 933
849 305
211 218
171 717
543 61
910 848
233 20
604 61
841 725
422 606
277 89
233 933
16 589
806 688
556 79
59 737
742 870
500 597
266 397
267 988
741 749
510 682
152 783
793 436
632 396
63 62
531 744
750 476
200 536
575 211
156 815
983 366
90 491
952 386
113 954
848 51
27 502
529 729
265 429
38 490
105 558
591 778
963 659
330 796
132 42
632 840
834 156
49 892
617 989
626 346
4 236
83 557
49 973
412 345
382 32
714 969
58 885
580 914
763 268
430 429
986 741
122 495
161 825
992 985
535 459
187 313
540 355
853 740
16 463
880 782
884 718
284 590
465 584
616 792
106 842
897 763
631 862
296 766
689 889
858 848
197 162
514 100
608 887
861 91
422 777
889 786
230 42
214 687
219 775
129 51
560 889
137 536
970 580
352 662
353 590
119 663
971 675
196 140
452 278
506 528
682 530
503 678
101 9
798 225
376 520
158 64
332 851
480 550
349 958
768 35
200 421
16 479
526 670
52 225
894 552
146 282
399 124
293 729
385 515
686 820
854 426
450 932
548 829
164 842
700 772
57 254
343 903
804 826
678 558
501 440
782 209
181 673
554 80
748 390
789 655
708 729
514 738
330 899
238 520
613 580
84 374
160 334
557 483
606 279
693 248
273 370
793 587
645 490
539 123
600 123
838 469
116 293
979 225
174 61
72 937
456 290
218 897
151 343
154 169
625 762
534 156
7 372
46 490
489 207
737 113
646 597
349 331
25 45
671 930
850 360
710 844
471 216
805 552
3 610
759 869
249 568
879 316
538 868
615 342
357 34
485 125
90 879
966 900
868 36
898 636
901 587
614 789
814 568
375 898
20 197
20 76
722 299
704 802
484 813
472 594
345 452
359 947
471 284
552 886
973 250
481 772
122 542
854 327
949 113
273 752
935 2
126 16
15 96
950 581
60 591
740 57
762 593
281 930
692 388
105 742
569 183
627 617
773 69
687 643
504 688
716 145
554 52
410 547
761 520
8 208
620 309
252 813
885 296
705 194
210 544
579 697
999 992
643 148
168 52
257 569
157 984
849 634
808 100
755 881
819 356
822 581
555 954
587 29
296 807
261 827
121 446
210 981
874 380
233 396
654 598
54 866
662 109
421 913
62 925
380 596
127 761
828 716
873 333
398 146
315 311
988 10
332 550
543 88
769 215
99 898
188 689
46 595
854 246
200 287
129 773
8 594
524 394
730 659
580 182
396 789
144 747
295 97
669 308
872 416
212 833
167 43
596 943
816 807
946 874
753 380
248 900
265 432
768 265
165 343
55 839
730 470
531 26
860 854
260 12
355 134
247 876
229 673
839 424
566 736
643 581
661 788
867 35
734 18
7 129
972 447
251 454
777 858
744 705
398 769
383 205
574 190
250 146
783 406
52 652
886 221
368 233
151 72
165 964
728 121
250 261
930 985
697 962
684 796
421 706
390 915
943 845
244 579
162 978
588 556
75 579
533 569
297 477
316 367
64 496
176 666
818 41
747 85
88 502
895 469
534 213
667 820
281 113
181 153
174 228
323 746
750 839
658 593
699 391
383 662
573 418
912 311
689 173
709 34
270 918
767 892
804 202
642 253
629 891
921 50
755 781
120 276
727 435
379 545
345 753
551 609
133 71
868 763
560 188
770 870
530 796
324 373
2 529
955 445
719 652
405 980
959 413
210 396
854 685
964 293
755 216
95 603
78 431
494 900
47 676
603 28
363 787
398 310
733 657
238 85
618 563
15 43
739 989
960 926
743 957
212 571
123 96
34 755
118 293
281 922
32 16
783 167
324 856
623 420
700 583
293 407
169 153
42 169
631 121
501 340
605 862
87 747
5 692
31 692
910 201
19 488
403 905
100 709
527 832
343 855
472 356
412 104
844 708
259 477
259 70
444 218
374 287
801 671
549 105
571 545
758 177
672 684
54 520
662 971
165 737
370 885
831 960
723 203
886 277
887 964
780 386
675 684
639 103
918 95
371 639
667 784
283 625
600 301
550 764
571 380
348 51
702 966
614 306
10 388
393 532
211 381
598 891
789 158
524 914
352 165
81 793
278 669
600 587
49 251
582 431
103 111
478 948
746 172
290 86
682 692
992 356
557 244
850 894
101 8
621 961
320 780
561 834
584 445
307 566
414 894
878 195
163 570
863 533
208 81
432 521
698 284
150 903
640 413
894 952
366 369
479 50
63 307
912 893
36 238
806 153
739 838
360 934
62 249
571 897
364 897
695 863
247 852
237 286
209 773
853 52
986 599
438 698
717 741
835 870
29 281
412 557
952 586
917 952
644 896
22 788
407 330
687 34
139 584
526 356
892 764
553 74
644 791
6 760
673 336
947 382
571 442
844 974
766 770
616 885
304 375
512 780
213 649
81 603
72 866
547 164
718 473
760 207
854 809
374 807
291 337
422 901
149 83
81 773
499 18
980 564
10 267
375 639
339 445
177 298
237 634
613 534
172 235
724 584
817 282
712 48
57 349
869 198
893 192
16 662
963 46
837 521
569 363
481 795
998 532
30 266
358 951
226 88
366 418
885 910
542 481
247 101
621 344
414 628
407 469
433 890
765 601
971 198
347 672
421 233
43 683
463 546
320 468
265 373
963 618
621 122
287 204
326 286
679 286
421 122
424 274
630 348
578 175
532 524
271 472
536 359
627 902
578 222
942 679
164 291
731 789
491 8
919 34
577 399
139 628
931 656
658 840
255 192
607 383
258 90
225 21
559 576
787 317
981 329
876 268
48 997
827 12
352 400
80 911
961 522
742 360
931 974
14 950
382 44
457 891
956 267
595 445
746 947
895 278
651 332
729 816
662 332
529 477
884 84
6 800
262 190
814 891
861 990
163 775
6 14
612 638
334 220
177 679
2 522
479 950
524 395
410 871
929 317
252 236
132 508
573 946
759 543
959 457
462 563
854 753
90 98
933 750
902 155
483 145
1000 5
379 64
566 340
548 743
937 628
350 963
939 162
724 503
427 342
712 488
844 29
778 767
428 820
363 485
290 949
826 739
665 807
830 43
299 545
105 850
514 824
201 531
848 774
151 659
729 5
69 556
549 786
363 259
680 735
311 611
826 965
528 531
269 43
916 822
976 118
832 185
395 925
288 555
342 722
131 935
459 530
867 401
335 7
925 849
947 265
678 427
791 136
922 969
80 988
969 82
163 487
438 831
595 488
980 310
664 462
416 221
567 790
552 469
28 890
3 556
206 597
304 29
12 294
914 902
14 973
298 567
79 462
301 832
361 237
146 899
418 124
718 51
243 209
998 355
285 460
124 340
920 21
849 209
778 95
491 967
16 734
860 503
411 523
998 589
893 377
531 746
521 256
635 942
560 548
640 434
316 635
3 390
9 982
982 403
844 400
256 681
630 385
796 467
264 228
526 252
503 485
415 903
53 566
773 813
430 320
179 64
752 142
302 382
107 226
400 130
952 943
628 896
365 550
705 137
745 868
143 312
231 189
468 209
415 330
613 695
61 350
856 186
766 669
145 739
364 497
37 469
221 24
314 682
275 902
49 399
485 400
715 606
934 700
799 246
819 716
72 839
733 110
534 97
225 319
727 624
909 963
469 956
182 143
139 617
349 662
735 228
621 71
263 74
896 349
660 430
664 809
497 552
993 931
814 691
910 818
293 788
392 660
216 863
272 709
593 167
78 281
971 933
379 298
989 761
461 256
998 617
51 572
505 211
151 745
333 710
636 481
577 132
213 272
640 414
26 386
844 214
246 728
942 652
324 814
273 820
420 557
920 557
778 695
302 303
47 255
602 322
734 351
867 122
961 225
468 23
285 679
342 568
678 134
737 602
603 277
216 862
597 31
472 321
18 693
990 7
153 938
740 554
279 190
853 277
411 494
822 972
608 600
145 318
329 169
112 311
408 536
425 734
690 82
230 283
140 119
188 875
357 620
283 601
912 119
913 706
309 969
606 849
258 409
278 860
816 403
870 218
49 4
103 201
733 114
63 559
5 758
600 801
826 140
620 458
662 161
983 895
539 967
737 337
633 416
483 521
102 877
893 110
286 100
15 686
586 598
558 346
797 360
101 43
708 69
46 932
751 225
167 944
977 73
180 269
458 683
995 384
869 423
696 867
573 119
395 117
823 602
293 763
366 419
178 685
730 78
734 910
873 675
21 957
647 537
27 432
523 535
851 898
854 39
947 707
752 409
569 181
641 733
477 528
424 644
448 282
636 235
268 525
360 566
995 736
903 933
151 832
322 494
973 653
668 93
946 283
696 270
291 978
273 435
66 538
235 113
258 168
496 355
581 462
852 833
876 254
714 225
988 448
164 121
594 587
577 319
460 917
852 119
954 453
837 229
692 536
676 165
794 40
309 911
466 105
503 902
804 65
733 37
607 540
115 882
421 927
368 735
390 358
214 890
654 711
490 242
571 167
664 579
665 174
520 743
794 458
262 300
918 998
50 586
859 736
92 241
926 342
394 79
162 483
664 865
718 212
242 821
116 878
79 410
154 591
5 119
620 718
215 106
16 612
370 209
210 422
376 578
747 725
433 338
769 299
232 761
530 728
412 31
256 305
902 152
206 565
433 955
643 792
279 890
422 509
523 418
88 751
660 777
717 872
369 250
483 997
322 208
35 953
161 726
180 182
271 281
844 109
147 807
187 850
513 519
795 915
902 597
942 998
74 631
639 696
677 347
454 844
95 74
23 313
995 120
687 790
504 573
221 736
592 508
465 822
567 685
91 530
992 577
916 823
334 560
483 815
627 580
672 275
321 699
992 560
274 531
59 491
672 794
988 420
899 429
166 668
304 417
12 114
810 643
496 881
174 234
145 544
383 656
462 33
470 764
474 755
1 225
791 478
480 320
180 897
876 678
550 803
872 593
628 48
870 56
312 488
276 3
837 686
532 766
813 162
258 901
498 62
246 928
465 207
214 322
87 48
72 375
691 834
907 641
747 846
752 884
309 231
312 181
330 255
333 289
285 158
252 471
750 82
346 924
192 522
506 358
143 401
369 230
422 104
722 674
913 383
593 663
925 752
625 6
809 847
22 556
938 877
711 80
493 607
393 824
944 881
9 512
430 432
895 772
554 812
258 225
705 136
282 235
546 908
32 990
306 213
240 849
918 308
26 263
987 704
788 919
183 991
735 530
900 997
867 256
234 21
461 153
352 200
283 922
714 362
823 28
76 647
958 996
698 230
951 248
332 616
189 977
724 420
742 39
615 303
931 372
238 262
594 486
355 550
102 721
478 297
750 669
676 512
437 20
538 545
647 385
280 209
372 639
855 98
158 214
815 720
773 636
263 521
547 642
821 47
406 815
116 747
248 172
458 622
216 493
755 468
556 739
190 33
856 573
910 286
783 20
252 362
327 120
687 744
744 978
946 530
530 341
1 929
678 933
848 816
264 659
264 129
765 917
658 49
566 686
273 258
302 296
697 542
593 925
942 941
246 133
586 302
108 158
681 114
46 156
653 972
654 351
213 949
948 568
754 763
77 831
283 683
698 582
570 444
351 744
331 860
932 123
534 147
735 630
826 176
486 208
514 71
577 722
145 1000
956 464
758 556
48 253
581 45
876 607
56 728
111 818
224 926
874 72
505 939
180 633
609 206
257 496
250 554
872 524
779 87
506 875
34 2
509 868
148 14
671 839
461 193
474 614
465 134
820 568
326 911
33 983
146 603
994 887
212 808
216 683
454 677
129 984
259 921
425 417
794 986
122 541
298 222
521 351
868 98
831 126
725 743
89 136
603 247
159 829
492 270
422 33
651 605
798 668
207 765
108 318
88 646
389 841
692 54
365 314
369 958
965 635
397 511
736 861
915 382
293 62
356 658
175 62
692 852
57 731
991 312
230 33
178 65
877 449
291 930
614 700
312 883
339 942
90 636
840 713
264 209
880 250
187 354
436 608
117 237
745 716
895 50
185 645
616 851
185 758
442 143
390 359
581 112
54 784
770 449
721 629
353 681
362 969
761 513
760 92
906 784
101 364
893 896
570 485
149 230
635 713
764 915
391 873
362 747
290 412
591 510
629 567
427 29
484 90
163 889
474 80
682 541
518 175
974 285
125 969
787 314
332 608
275 14
24 401
172 638
621 681
766 806
859 220
186 558
207 888
544 692
670 276
184 195
402 6
789 618
99 464
911 955
255 733
294 907
522 547
852 609
725 477
653 592
303 171
866 261
773 823
334 791
179 102
532 546
183 566
961 168
931 592
829 81
316 4
265 962
912 259
81 49
662 691
165 889
24 835
683 756
62 755
247 685
784 845
606 12
239 749
888 753
743 141
128 710
236 721
599 485
442 304
172 361
818 183
158 684
224 456
435 74
383 659
149 951
362 922
532 247
970 733
536 739
387 911
563 614
660 404
350 798
976 545
499 204
357 22
989 310
769 20
76 578
901 639
712 74
699 836
994 844
25 949
688 211
974 278
836 491
216 756
177 594
197 671
826 321
30 305
638 682
622 303
181 939
77 842
995 475
885 979
233 596
803 960
971 418
402 987
919 706
740 109
522 952
898 689
365 224
842 38
78 767
7 705
47 884
105 675
477 599
423 529
544 533
526 194
817 974
748 822
549 675
365 258
244 757
886 172
578 149
209 798
910 204
606 319
863 148
940 497
648 475
814 424
464 876
288 474
878 563
738 94
313 889
779 896
303 467
913 954
454 474
700 390
978 736
602 870
27 852
525 237
557 612
383 337
945 330
813 306
559 434
905 831
231 925
412 793
128 572
112 491
820 788
996 787
699 634
382 913
275 940
419 306
77 456
115 813
15 950
456 119
239 340
979 773
836 154
965 314
966 525
327 785
400 622
977 356
689 424
234 327
931 375
503 612
183 386
828 981
940 255
797 642
64 778
214 508
750 674
56 906
453 648
422 713
780 551
105 323
161 81
553 823
328 766
972 831
220 564
114 19
703 953
741 118
945 625
218 21
459 293
133 44
741 199
302 877
229 947
226 847
307 985
380 289
609 22
5 98
557 693
726 212
657 563
825 261
772 260
557 710
373 713
523 634
563 670
947 790
288 169
150 598
303 305
990 856
830 225
78 842
852 921
348 27
799 882
210 480
252 585
806 126
27 101
430 354
412 697
315 450
454 36
947 165
311 474
687 47
818 906
895 136
842 4
978 91
224 339
957 309
260 539
64 396
511 256
206 470
366 664
865 79
946 726
653 318
134 718
254 77
291 453
989 230
297 820
377 349
447 718
249 595
548 187
723 439
937 184
619 262
693 531
231 756
694 244
93 755
11 90
746 143
674 352
641 105
272 660
112 645
417 122
793 249
464 59
691 329
582 827
570 685
185 119
242 64
298 958
516 801
358 938
879 678
336 148
9 50
195 731
700 804
773 48
332 416
686 967
726 240
913 154
143 456
716 62
554 417
363 239
919 635
904 176
62 152
691 712
71 90
595 783
825 402
645 40
791 701
226 897
479 305
69 565
948 328
182 892
257 683
425 909
527 788
18 772
883 910
717 646
23 501
260 985
724 358
778 794
286 857
877 448
85 640
563 81
801 836
823 387
625 440
37 282
611 893
775 540
44 554
249 924
729 490
396 495
399 824
741 903
465 660
121 346
432 475
454 85
224 93
25 412
511 12
512 922
234 106
589 676
390 166
6 916
633 352
951 626
339 493
271 528
219 835
914 929
185 983
21 57
323 193
922 436
854 955
72 757
285 372
876 723
237 603
954 5
354 857
523 24
872 646
894 321
398 583
354 712
216 793
911 454
815 794
973 925
265 218
670 930
33 86
18 386
996 77
420 92
432 724
350 966
373 623
262 648
891 238
32 409
105 565
355 61
964 641
843 976
231 18
833 75
445 161
339 766
948 300
329 436
330 967
723 612
960 370
601 64
412 737
886 99
302 208
895 243
142 441
805 199
58 956
24 836
196 585
73 153
1 596
619 599
831 936
64 500
546 840
672 755
474 991
387 720
999 119
214 963
126 225
275 915
883 422
755 864
239 307
756 207
520 645
758 533
678 712
767 969
698 192
720 648
917 34
167 647
629 1000
206 91
798 383
267 245
710 539
417 192
942 118
536 266
14 928
367 76
228 774
979 582
798 142
950 453
328 884
828 929
760 855
688 212
10 32
410 838
582 752
974 802
664 29
242 57
629 699
703 900
211 782
488 393
733 749
238 53
263 692
583 579
90 500
551 161
368 766
635 784
263 709
674 876
61 567
402 107
844 55
762 661
468 792
269 281
604 668
493 827
574 124
367 742
722 819
254 116
85 17
32 131
964 884
624 749
454 174
813 877
112 669
654 39
491 439
697 512
516 76
713 901
795 159
744 549
28 358
654 214
641 821
499 593
524 710
961 804
124 156
400 20
843 312
867 398
525 236
123 910
931 685
932 242
662 975
258 1
810 722
595 280
541 834
512 804
658 542
790 99
352 91
116 31
172 334
173 35
380 553
731 307
150 381
153 15
245 689
873 376
11 985
434 261
451 302
987 480
25 197
90 997
896 336
474 324
940 105
813 245
686 381
85 814
637 465
860 176
404 478
200 122
410 811
750 675
401 47
916 113
665 311
115 360
43 135
280 211
502 568
290 308
38 958
77 924
146 945
651 853
781 798
577 182
376 747
216 576
995 899
213 167
761 932
673 110
146 422
455 176
435 149
209 462
542 280
782 299
964 586
472 776
511 745
518 289
958 40
118 261
847 600
592 152
520 453
190 769
448 416
912 543
507 911
972 339
956 840
406 361
875 408
472 469
135 762
19 633
482 165
343 996
604 213
951 741
933 426
607 263
974 574
652 262
359 126
197 111
506 953
511 259
171 844
460 963
62 795
527 759
362 97
863 484
315 109
724 775
214 861
395 21
949 742
141 489
344 715
509 175
166 900
747 319
732 137
883 271
341 711
243 346
326 713
112 837
996 485
572 154
511 217
393 790
37 923
439 539
392 474
138 34
369 352
404 353
241 362
893 333
772 564
241 302
4 734
960 828
722 439
262 786
643 801
254 744
682 857
955 711
812 708
229 982
534 793
77 738
852 728
7 763
543 965
69 786
86 144
769 904
493 882
283 220
191 511
263 930
92 836
40 951
402 194
97 570
219 741
854 313
486 596
605 642
252 622
625 204
293 572
584 291
230 585
583 79
477 165
558 635
616 552
899 37
795 500
173 312
247 715
263 260
349 720
936 62
934 537
813 744
705 487
390 571
116 320
233 486
657 388
903 420
538 129
520 908
961 526
322 960
841 112
628 264
421 924
301 182
106 30
857 500
718 313
862 296
962 887
379 683
965 352
752 750
785 762
328 123
424 564
405 217
505 837
842 588
493 496
59 874
9 401
318 313
618 407
492 680
760 828
246 859
944 131
157 170
584 106
513 946
555 283
459 398
77 979
812 394
202 690
998 421
233 279
371 635
893 450
865 925
430 889
540 691
869 297
599 144
161 378
16 221
221 938
60 616
167 260
911 901
401 196
476 792
807 884
791 595
632 818
725 475
249 402
549 653
454 835
624 423
922 529
216 116
58 859
277 699
424 385
317 202
553 484
457 479
972 490
724 379
818 960
340 396
303 888
269 952
400 758
199 699
993 366
810 620
39 786
170 975
120 750
266 654
529 12
678 431
813 716
580 745
69 108
995 29
423 540
219 896
201 141
537 299
754 995
3 387
120 59
887 797
357 818
808 531
68 187
335 975
58 68
931 204
242 681
54 109
224 856
291 642
462 454
729 897
367 79
439 978
261 478
263 256
935 274
204 280
925 688
450 184
565 645
350 641
756 652
719 568
887 392
319 910
929 78
949 3
551 211
203 929
369 441
172 604
467 788
213 376
806 487
152 720
905 54
264 906
543 524
748 530
929 936
324 822
94 420
967 193
437 610
848 855
243 815
347 797
999 577
359 742
18 802
490 595
274 336
937 16
973 850
995 998
501 113
382 940
734 385
572 356
652 396
429 773
179 866
257 956
663 12
390 624
504 169
602 942
328 503
382 142
588 589
148 578
791 168
922 41
117 163
173 145
943 989
892 955
586 122
219 639
136 845
248 414
840 481
513 397
291 43
531 416
300 171
598 892
33 608
489 102
785 561
988 88
555 679
665 107
704 399
334 126
45 249
780 876
146 848
497 556
362 624
977 346
228 852
245 978
543 31
62 469
238 261
93 330
8 896
274 548
821 422
824 546
15 275
699 866
167 904
918 704
150 702
337 997
321 504
263 501
927 914
640 116
713 514
678 540
91 146
219 473
937 662
117 68
168 905
595 546
797 418
873 836
871 753
413 441
52 239
113 975
220 933
509 479
707 461
343 666
328 746
976 474
333 595
209 461
30 717
561 937
878 401
113 41
544 365
1000 383
910 396
568 99
532 390
91 606
535 545
155 993
155 445
304 849
982 290
92 784
554 237
661 855
905 464
61 43
388 301
338 624
726 807
88 119
148 590
770 517
273 219
442 690
369 626
499 959
338 515
9 545
465 908
321 608
438 985
80 777
245 449
89 621
843 436
611 976
408 395
267 345
811 655
610 704
535 203
149 892
353 785
177 817
897 842
867 792
281 221
375 709
525 322
528 170
554 243
736 77
257 68
387 863
559 551
266 154
485 22
884 236
685 909
671 206
730 534
451 43
423 433
474 123
57 465
593 135
665 643
693 213
967 986
785 437
42 441
354 503
891 196
75 307
868 252
338 931
742 669
817 810
583 667
174 28
863 443
407 321
778 599
533 986
622 950
398 188
579 897
563 260
762 561
274 265
297 184
902 655
160 352
585 707
61 160
64 204
771 912
395 628
211 287
586 321
718 834
530 400
446 267
601 260
328 416
992 903
40 500
832 112
939 948
893 601
924 56
396 489
19 882
884 780
637 596
54 934
88 399
475 465
517 92
249 764
120 185
676 787
560 936
79 320
968 477
162 396
271 530
129 125
394 75
358 264
975 683
100 343
318 746
730 746
512 297
470 801
831 296
7 115
214 314
346 98
720 347
538 825
388 899
546 59
643 394
458 715
534 984
354 112
990 983
336 227
172 633
32 300
271 71
259 519
955 738
887 231
543 555
322 189
214 119
954 566
652 933
9 957
462 314
159 275
159 931
734 761
187 854
98 80
35 778
970 467
904 899
401 84
451 39
908 541
503 397
236 8
532 557
862 236
900 457
919 383
867 182
575 713
741 413
373 929
600 700
809 113
486 417
853 344
52 569
311 284
784 767
782 870
322 771
785 153
328 476
398 724
701 617
386 228
135 995
123 853
128 595
736 440
457 137
27 619
926 20
819 612
513 465
869 886
996 600
851 183
176 77
376 587
893 816
965 323
508 274
960 463
883 198
793 242
394 111
492 565
964 156
397 781
328 686
290 447
973 90
152 388
323 189
142 739
949 145
785 912
474 51
937 697
684 187
981 544
564 504
894 567
329 905
845 497
39 62
43 955
284 423
855 184
656 786
860 530
735 390
740 104
380 399
454 898
610 620
285 956
35 857
754 271
901 210
208 695
616 308
47 282
930 674
151 132
722 960
961 24
389 7
563 380
505 132
178 802
737 561
922 741
80 512
190 581
782 905
678 238
718 779
679 515
666 750
886 77
314 348
466 376
719 359
22 253
61 345
650 781
526 317
825 65
322 871
571 404
205 942
150 17
717 243
789 742
106 181
657 926
93 89
723 190
623 183
248 30
778 654
288 921
534 122
993 196
131 565
922 200
233 223
396 663
915 641
236 982
920 297
385 731
867 844
686 272
893 980
306 740
862 945
242 742
516 386
742 219
213 666
727 365
487 948
167 826
483 609
696 622
916 115
901 737
372 635
637 49
972 826
167 24
479 794
775 345
155 624
800 651
506 676
638 709
751 942
347 444
795 640
371 562
155 737
707 460
638 596
198 705
290 532
593 273
593 469
96 791
587 691
412 78
679 227
683 228
497 329
49 768
288 172
329 528
455 464
958 441
123 352
430 958
359 261
700 327
421 418
848 594
725 244
505 17
324 46
269 110
792 953
813 625
279 181
157 973
283 318
174 560
40 25
110 838
387 905
974 943
480 191
580 546
597 652
657 303
370 738
645 774
813 420
992 73
977 614
510 342
206 247
244 430
391 99
769 183
163 128
967 104
441 294
764 362
542 815
393 788
214 428
361 168
90 886
641 110
846 497
966 512
55 692
152 77
797 355
104 838
567 281
328 654
807 270
801 395
994 883
367 247
584 479
177 927
77 295
185 116
631 507
172 918
229 835
30 268
159 680
574 841
231 519
229 980
582 984
180 40
327 459
368 312
777 58
568 145
450 272
333 814
939 346
65 105
527 115
105 888
605 731
950 894
844 469
876 789
884 211
725 438
188 480
485 877
434 241
737 520
368 117
740 661
435 297
972 448
645 422
649 931
951 558
818 986
130 504
350 327
279 217
49 744
179 159
788 885
183 893
49 577
979 130
227 617
676 162
913 784
606 935
936 482
687 290
12 218
710 897
269 709
309 552
718 396
813 392
323 644
784 146
306 586
733 81
551 304
827 20
573 520
667 591
814 786
985 709
357 877
103 377
642 131
954 145
628 40
836 493
656 363
380 817
224 813
560 151
998 377
341 586
361 132
181 177
453 700
347 169
607 991
205 11
189 646
621 899
108 858
968 779
950 367
932 942
916 43
404 263
583 149
595 620
177 955
53 24
181 83
384 763
424 952
367 888
68 571
933 633
825 96
437 362
868 2
350 876
378 274
587 746
380 356
627 733
705 891
423 920
981 990
677 501
341 954
887 6
792 565
136 57
139 970
801 313
182 940
18 69
482 22
249 257
175 105
902 174
550 47
808 410
937 58
226 19
120 530
265 629
231 262
639 389
416 743
934 857
477 898
518 920
98 473
834 453
672 296
680 91
583 194
736 603
678 506
3 86
866 978
499 743
245 23
726 590
766 619
127 983
827 997
663 91
524 771
33 888
196 732
378 539
415 114
849 766
813 347
444 386
177 57
193 913
894 158
680 144
921 138
638 131
750 825
864 76
920 462
742 429
103 413
819 916
966 549
204 85
681 923
793 241
119 651
471 599
767 603
474 286
295 220
959 309
281 438
635 795
640 251
859 993
664 241
938 496
186 381
778 89
285 119
909 820
702 504
856 776
928 405
655 802
29 846
57 121
540 610
812 767
277 207
134 279
872 18
393 159
341 817
967 925
90 499
271 90
722 716
811 433
482 361
57 845
838 906
843 864
597 337
263 855
610 624
762 771
545 879
564 61
892 386
774 551
352 931
705 97
248 756
389 542
374 116
800 155
840 984
435 783
38 319
649 874
27 10
781 157
527 841
306 127
235 943
562 215
409 382
726 763
635 664
861 768
164 240
189 174
538 293
350 287
170 929
979 205
942 451
836 706
908 247
750 619
491 871
218 949
897 535
375 327
685 46
383 290
22 476
890 737
31 134
854 772
487 721
879 691
348 185
918 885
336 721
667 567
779 465
266 228
205 497
99 882
775 37
408 109
10 225
449 903
251 543
987 131
945 651
785 994
573 899
522 151
542 210
985 535
86 531
90 181
861 328
405 610
423 632
677 730
180 422
609 960
114 414
703 10
337 645
284 388
824 241
799 967
845 357
557 689
317 332
190 42
782 302
584 529
288 62
199 168
274 1
458 482
701 422
332 271
596 716
435 46
554 88
353 393
765 912
566 675
200 695
369 999
884 289
333 772
304 802
929 323
148 915
634 204
27 22
65 351
508 945
71 289
148 770
115 721
169 297
667 38
266 757
448 240
469 550
974 573
740 935
463 56
583 283
936 212
428 276
903 400
205 16
972 367
282 132
50 894
782 567
719 152
686 83
323 683
840 287
938 508
634 862
650 512
575 41
103 340
571 14
883 272
190 321
500 832
543 108
676 501
172 820
50 563
716 912
608 9
951 219
543 509
68 915
765 467
863 848
241 449
112 983
86 747
931 484
237 917
219 438
683 263
315 923
264 663
473 263
695 500
403 44
920 962
464 462
214 254
694 820
953 126
973 323
299 284
485 569
823 722
95 958
298 220
961 308
809 218
274 101
446 319
929 711
415 948
218 390
83 636
503 427
74 345
459 769
474 825
192 900
624 903
416 732
296 98
339 964
378 802
362 495
804 282
466 456
97 138
995 689
154 499
606 21
329 79
600 206
419 777
417 756
162 569
552 81
515 103
990 263
207 27
409 80
136 952
323 758
783 894
272 296
135 416
383 762
3 424
166 852
560 987
872 861
322 897
214 892
723 486
543 179
1 8
738 569
547 517
185 836
292 616
409 652
305 483
779 199
779 761
699 718
713 591
129 910
102 144
688 187
582 795
659 266
787 321
555 173
977 211
246 632
69 977
554 666
161 398
180 414
536 238
977 876
407 385
209 506
929 897
566 478
90 399
346 821
782 230
711 324
14 140
398 239
436 294
498 555
118 320
378 376
937 168
99 181
688 535
985 180
42 832
36 674
572 492
499 968
502 205
507 569
662 709
633 329
113 418
739 498
44 740
460 721
870 600
193 458
896 925
591 62
911 634
454 499
918 290
666 315
244 803
376 222
524 685
800 461
675 555
326 825
719 306
908 163
748 290
844 781
866 821
186 812
874 344
140 900
969 36
625 698
268 561
572 903
188 536
439 152
150 341
139 196
875 830
572 886
258 714
48 186
746 33
250 816
698 204
715 870
616 286
124 764
675 244
366 801
332 977
439 559
243 214
744 401
228 770
444 967
125 134
253 433
934 159
6 33
142 180
259 839
314 422
298 995
926 320
393 13
693 154
622 304
971 456
654 734
340 703
848 413
591 767
850 583
907 532
720 103
369 15
21 910
216 390
289 462
312 474
900 250
740 505
55 646
860 818
543 498
743 667
545 878
327 176
625 918
630 267
776 6
298 438
984 827
356 704
913 147
491 427
737 567
396 921
994 94
407 105
924 309
782 911
469 400
416 516
204 611
758 30
526 400
433 327
622 569
252 395
723 866
260 556
156 589
255 129
516 509
455 963
793 656
712 96
279 369
379 921
31 240
932 77
501 38
475 490
844 817
175 561
469 980
650 621
334 466
928 903
766 497
290 140
418 953
457 901
352 189
543 366
333 796
673 693
470 909
570 311
733 777
383 912
367 511
820 691
414 790
682 700
495 411
409 580
450 360
987 51
516 472
312 377
924 512
707 144
601 693
102 602
33 417
108 931
437 399
42 305
134 353
873 841
584 308
416 134
881 374
772 739
204 29
354 494
782 444
429 892
565 165
808 678
237 500
433 679
855 956
221 512
882 890
166 131
169 253
667 362
377 817
528 948
369 998
499 787
540 11
541 510
209 893
108 5
420 153
904 838
249 169
486 654
658 205
252 804
164 134
202 81
991 339
792 955
120 698
173 464
583 133
179 835
90 59
374 723
321 534
80 923
620 797
851 885
861 5
941 237
625 834
846 282
558 398
215 377
492 930
811 542
871 850
451 159
841 779
609 295
585 254
171 268
93 84
34 28
785 828
314 380
152 79
264 521
842 279
870 281
824 449
396 874
440 458
133 873
924 612
66 284
780 704
416 307
346 60
938 344
591 518
741 149
355 806
781 830
341 775
967 983
712 722
833 322
517 772
420 516
81 330
446 450
381 759
616 80
26 703
434 397
252 644
604 721
900 178
369 160
766 398
134 766
908 741
446 316
782 186
434 284
888 799
27 215
943 493
303 2
770 629
268 592
238 557
278 324
722 902
445 493
875 376
565 460
507 540
131 34
518 946
123 620
631 142
658 817
640 812
537 896
121 129
193 414
430 93
273 486
581 27
49 383
106 888
987 657
755 621
938 50
296 784
732 843
219 952
918 208
174 320
430 942
822 380
127 736
96 28
983 939
971 995
752 258
718 172
710 560
842 584
863 806
98 841
99 909
875 684
82 325
962 658
485 152
103 601
237 999
972 670
721 922
833 736
615 450
393 903
677 959
972 749
350 681
190 310
803 605
881 685
494 136
351 257
206 572
65 952
284 350
53 151
554 364
574 875
705 712
89 163
754 151
781 314
910 472
904 913
346 677
347 644
852 623
523 697
657 911
360 537
549 649
437 955
410 976
703 432
597 157
549 794
809 997
103 553
758 384
800 224
641 812
235 965
355 576
630 206
819 429
951 696
112 231
539 58
10 804
338 345
411 431
305 864
69 199
163 286
127 977
22 859
25 289
140 54
32 663
418 688
577 653
262 481
218 198
220 123
383 665
884 914
686 136
634 697
690 375
727 244
965 191
855 614
883 346
793 70
187 211
335 971
708 343
174 463
784 271
513 934
243 40
634 923
11 158
768 819
953 505
517 664
241 575
629 612
158 250
150 551
700 474
171 485
357 498
716 703
630 989
868 962
411 515
472 531
894 570
589 24
937 719
4 658
116 670
797 75
983 954
602 165
949 432
795 598
902 782
192 513
9 77
998 679
783 57
38 192
846 872
702 171
687 733
393 383
801 362
151 784
118 173
52 843
182 910
734 363
915 335
477 706
994 492
723 662
236 111
73 787
313 786
151 246
619 950
416 517
922 787
856 19
620 20
396 78
951 668
494 941
724 10
301 327
18 619
681 313
425 635
233 418
965 113
880 919
956 340
962 921
559 297
121 277
909 874
897 866
1 341
699 442
441 414
315 437
474 931
245 700
29 195
327 263
270 891
182 135
55 399
6 849
779 467
29 528
799 28
909 588
642 841
850 996
867 990
262 126
584 200
569 628
897 189
221 891
883 84
31 206
337 72
634 814
375 944
247 378
847 123
765 505
638 889
954 792
216 384
815 729
61 611
722 607
405 721
924 807
339 346
947 638
18 342
256 623
646 348
815 575
583 691
345 1
109 40
256 542
41 280
441 534
295 590
70 669
424 319
908 593
217 232
381 933
536 628
921 746
188 319
830 890
692 895
566 848
737 594
922 295
38 345
278 296
500 488
523 943
235 765
329 192
239 845
993 313
406 76
634 61
796 860
818 900
411 486
69 270
487 51
328 392
933 341
46 22
828 476
352 397
98 737
139 289
663 498
442 242
480 33
214 854
472 99
352 235
997 725
68 255
451 241
470 575
328 68
43 713
479 679
589 412
880 736
349 611
284 550
945 804
306 790
950 23
609 663
718 115
275 637
745 55
29 790
641 156
991 83
402 744
403 193
206 694
635 512
808 455
734 852
842 902
81 312
462 591
74 899
826 498
591 694
320 527
851 797
911 63
623 257
310 690
960 991
597 422
997 476
302 514
543 960
639 831
631 958
677 478
933 932
754 195
919 625
350 23
317 479
445 10
595 782
769 828
661 774
246 478
448 385
341 442
162 50
247 928
840 786
532 644
485 159
938 703
596 311
193 492
583 219
92 534
921 480
957 482
631 719
137 833
619 783
675 561
107 51
326 211
826 198
477 93
297 495
282 93
572 550
987 656
583 697
737 969
831 771
962 942
390 719
121 348
838 201
552 512
419 45
331 777
562 135
270 896
497 799
651 327
154 949
157 530
54 922
236 793
935 519
771 574
976 572
889 577
622 420
239 251
646 841
775 111
725 832
683 679
409 658
86 666
547 916
909 741
733 993
955 427
663 986
530 833
223 420
993 717
445 618
941 549
397 967
570 177
81 406
792 235
260 321
912 323
501 691
963 898
562 457
548 625
976 23
902 803
191 312
346 819
790 832
702 140
61 796
208 816
118 471
105 712
469 55
507 876
649 145
354 249
347 820
762 861
793 28
938 768
408 779
688 807
911 727
810 454
244 958
966 205
145 365
809 134
866 977
409 272
227 569
247 682
552 160
753 609
28 562
59 336
761 110
359 146
211 13
709 502
585 824
818 856
118 556
11 802
395 195
253 779
935 965
612 854
495 818
956 288
2 35
500 996
339 286
997 327
92 62
977 524
497 682
611 714
704 440
667 556
427 707
945 898
33 712
486 354
237 680
796 721
241 685
721 731
427 848
823 982
755 900
607 943
12 573
968 219
896 104
91 28
664 244
829 774
686 581
546 232
290 298
879 92
820 878
788 140
113 806
55 42
651 700
587 641
952 397
402 978
316 524
688 391
32 443
575 389
752 586
184 230
826 541
385 849
530 361
43 746
179 474
858 741
471 770
331 183
922 638
227 486
653 766
964 897
970 322
598 346
122 387
914 381
889 483
227 708
402 149
412 626
435 403
538 288
596 222
482 906
504 174
196 684
144 15
239 526
748 256
236 556
384 429
809 412
957 524
136 882
266 897
324 159
988 166
185 567
112 749
249 696
968 394
471 201
439 882
651 143
340 976
362 776
453 607
275 659
74 29
974 19
426 493
176 252
842 641
428 225
573 815
794 556
394 158
802 243
731 155
287 617
702 520
962 461
796 116
747 661
824 406
458 700
699 982
389 42
67 128
697 249
789 713
742 539
318 559
68 638
966 954
39 431
740 8
867 146
892 195
486 523
920 566
728 511
431 438
490 926
293 433
39 653
647 978
952 975
198 374
401 16
518 581
869 991
728 285
991 460
598 358
680 815
19 639
538 405
294 519
999 838
265 771
842 15
491 183
398 737
644 793
101 700
339 11
585 871
923 53
874 271
451 466
289 916
202 640
3 433
335 876
34 457
784 733
607 688
256 219
205 688
386 458
776 862
356 861
861 293
921 561
958 705
492 819
733 875
55 259
812 126
441 4
632 241
195 21
565 776
974 265
189 420
386 331
380 126
436 952
191 182
631 849
159 660
904 345
615 749
265 385
801 55
960 591
409 246
201 637
308 263
751 541
900 67
191 586
341 441
863 68
494 665
37 315
667 406
961 885
65 312
377 126
748 27
931 525
718 839
130 500
939 794
135 994
53 952
131 962
16 2
664 686
292 215
511 301
757 5
567 772
516 582
794 44
126 95
20 680
718 259
665 181
983 933
140 705
567 42
35 253
707 959
745 240
765 237
471 102
788 292
717 330
814 76
984 795
367 166
315 587
474 608
484 66
746 381
86 778
881 75
762 370
509 753
366 106
920 946
793 420
537 326
803 221
246 729
473 284
627 387
241 204
234 832
925 80
199 335
679 65
275 135
973 356
186 566
227 158
445 843
325 710
708 983
739 804
217 916
34 738
273 858
848 210
918 217
624 617
53 439
990 648
739 136
649 144
463 520
104 497
506 45
507 988
127 415
973 727
333 888
784 520
861 534
838 555
807 592
611 83
919 378
832 260
338 851
579 753
602 690
415 715
398 959
737 665
442 631
444 201
47 412
378 837
724 496
581 425
672 667
981 399
175 312
892 830
72 631
980 201
954 492
333 925
993 66
331 679
689 841
391 129
145 543
422 793
295 613
866 675
171 539
429 479
749 790
589 577
233 115
556 398
3 534
225 410
334 100
228 559
927 241
366 949
427 851
926 443
358 297
513 246
203 744
149 258
280 79
836 76
233 913
773 445
970 682
850 800
744 291
1000 720
836 467
51 701
346 67
254 584
149 484
376 726
86 897
531 756
289 225
860 632
609 952
740 134
262 732
499 781
837 856
807 48
275 700
579 145
433 815
290 636
682 170
890 457
328 1000
731 747
697 303
313 566
920 586
679 447
796 37
711 186
752 297
19 388
189 76
299 916
619 539
670 677
259 632
38 307
403 914
524 622
655 331
801 571
634 39
410 45
726 894
785 239
967 259
494 947
67 779
771 189
44 489
239 638
311 29
261 888
46 474
432 410
897 864
20 753
239 495
626 667
625 820
944 404
158 914
710 751
452 139
127 523
902 285
672 294
872 694
673 571
140 536
769 72
160 912
771 646
367 105
983 434
298 672
890 966
319 202
858 408
142 593
107 868
241 426
242 27
907 251
209 148
483 501
194 864
747 660
186 652
314 441
902 206
946 854
125 905
783 633
113 961
39 473
994 145
825 965
529 25
368 273
938 133
192 623
377 549
468 724
324 784
705 623
467 532
229 669
13 928
341 51
108 354
184 370
369 778
479 453
83 612
13 817
952 887
792 736
502 153
192 256
416 692
338 509
619 916
809 284
58 908
403 799
188 31
636 669
838 449
567 541
754 752
923 325
135 976
909 170
692 853
109 652
945 332
131 886
62 770
926 567
258 367
6 529
906 515
623 976
234 126
417 566
148 322
119 809
444 565
874 633
654 864
552 294
805 732
754 42
239 368
974 253
975 300
708 425
489 469
989 384
152 35
216 918
592 529
664 761
112 971
276 204
10 16
48 419
394 179
713 599
293 911
294 472
134 177
820 944
696 766
454 658
129 983
96 558
80 99
501 733
564 445
412 162
324 359
414 976
133 8
854 450
713 770
551 102
333 611
99 447
797 162
955 954
575 509
703 264
482 412
913 318
810 206
714 754
236 34
434 362
523 892
468 61
711 19
134 942
244 619
291 47
467 108
819 451
74 182
19 779
850 471
49 380
468 386
383 273
852 488
272 300
844 884
25 100
27 562
301 175
33 945
767 106
676 909
456 40
521 964
629 875
222 691
813 20
906 694
72 24
862 995
479 645
458 135
267 193
500 727
854 546
175 953
78 300
742 887
928 543
271 943
96 603
376 699
180 491
460 534
660 61
403 76
23 690
868 952
544 606
66 494
319 992
638 518
217 874
553 896
448 502
77 814
649 437
722 549
389 242
263 729
89 160
255 631
237 40
846 749
541 129
688 763
910 783
98 240
596 631
283 495
801 429
344 236
951 919
678 117
147 527
210 617
433 462
642 965
182 707
206 987
728 69
696 419
880 128
329 158
735 770
761 131
889 438
619 237
585 941
467 20
607 324
79 927
67 959
504 3
409 606
884 878
650 994
690 483
179 602
291 52
466 210
931 481
900 809
315 283
627 832
380 739
628 9
557 115
443 447
733 850
202 778
9 438
428 312
725 979
7 884
954 369
512 442
270 478
16 713
915 807
828 808
606 93
176 399
696 694
218 6
539 768
422 388
657 507
767 480
52 129
643 894
237 123
627 271
351 503
479 194
605 944
860 671
19 169
886 923
812 538
355 65
377 761
469 201
677 404
115 585
933 890
381 639
706 420
619 653
484 522
657 872
506 78
70 711
587 491
973 762
645 693
122 385
123 696
396 250
14 313
201 790
455 665
848 763
151 96
945 407
784 787
666 283
813 664
706 616
63 654
785 383
344 985
588 580
700 14
974 597
331 757
280 577
443 31
340 653
932 73
720 959
844 813
757 508
225 219
281 89
799 251
214 841
21 167
774 559
131 571
84 761
570 320
715 937
24 356
296 521
650 760
153 384
742 66
780 875
654 820
768 867
189 468
805 648
789 19
646 644
828 639
390 70
543 4
34 244
381 171
536 366
275 258
415 61
371 877
142 598
367 217
150 689
872 341
394 367
4 738
595 555
892 178
938 243
702 360
942 705
359 895
731 296
34 696
445 540
476 953
812 623
942 842
869 362
393 271
289 494
454 992
773 84
756 828
227 38
160 125
52 955
18 119
972 244
424 290
260 200
999 525
950 775
900 504
574 147
99 241
961 254
394 901
640 981
287 978
454 29
114 942
278 303
944 791
790 330
793 598
207 236
154 408
917 439
490 336
71 429
532 961
936 74
951 812
779 564
905 753
430 180
999 675
236 643
329 39
862 347
974 945
64 308
687 276
748 358
325 435
41 317
440 803
735 632
3 526
281 53
210 117
581 130
139 179
656 103
710 814
475 379
955 53
573 510
775 870
137 982
154 860
211 293
214 708
660 486
128 831
334 93
232 386
926 353
323 972
968 55
436 757
418 72
96 338
776 958
355 588
508 54
458 847
927 180
246 998
941 574
238 518
858 236
920 967
61 531
748 691
638 747
593 410
723 268
8 272
940 393
959 191
967 864
324 998
976 998
578 934
433 886
765 621
566 614
212 758
71 77
931 379
647 816
501 272
212 450
670 595
14 471
25 769
863 70
159 633
909 410
565 456
325 851
571 647
44 765
117 465
744 613
951 592
718 837
352 334
283 298
31 918
329 114
277 522
311 166
396 936
689 978
399 379
624 233
220 252
737 974
455 903
118 711
653 200
693 811
724 803
914 775
441 475
849 438
635 591
870 76
182 66
440 541
189 958
284 649
651 201
30 150
608 42
275 717
239 4
444 824
998 371
525 577
582 626
107 926
881 583
171 509
617 93
229 143
640 132
287 547
56 843
437 82
561 902
808 949
289 24
534 979
385 680
170 206
212 160
802 283
604 915
78 638
961 378
674 833
458 468
384 543
247 242
394 744
677 511
977 513
251 356
236 240
859 180
94 210
22 543
701 996
334 797
451 963
378 97
179 112
92 983
74 358
936 341
4 141
207 390
689 643
407 64
122 106
624 984
678 197
610 135
166 425
188 81
101 784
502 369
895 250
684 785
961 960
410 70
66 740
486 805
204 28
255 232
148 694
357 601
407 663
158 523
287 173
2 15
704 157
44 406
373 494
746 776
639 337
879 564
384 371
224 114
923 554
317 759
102 119
791 816
92 57
900 810
922 366
335 983
784 259
732 73
491 701
2 704
673 541
405 435
98 781
987 189
742 129
362 565
806 674
247 80
998 494
52 364
345 414
586 740
868 218
274 203
958 840
831 218
924 936
281 730
284 271
834 982
843 568
660 978
517 823
440 117
351 353
496 977
82 982
947 614
913 475
416 93
682 168
866 477
332 481
908 730
502 194
507 781
553 669
152 632
113 150
84 497
130 745
94 206
44 935
669 704
598 238
116 108
71 170
520 48
922 748
9 525
943 22
47 461
175 248
473 984
226 160
301 306
598 456
508 794
718 701
918 451
630 89
541 680
73 188
680 84
563 480
277 298
207 41
912 7
235 336
1 210
720 944
407 552
572 815
374 933
68 368
785 408
452 75
275 950
148 466
955 40
538 112
409 956
585 59
486 269
125 67
253 14
988 967
332 611
573 699
651 17
409 734
176 255
751 352
794 555
262 13
176 334
234 476
147 319
76 495
773 415
523 168
356 79
410 931
683 430
668 538
150 801
501 711
138 873
214 212
879 226
39 475
189 426
471 110
445 768
195 493
609 843
281 976
617 995
288 342
200 768
131 414
613 660
743 805
998 982
532 398
297 59
501 315
53 542
930 822
331 340
978 777
852 786
546 346
486 560
169 947
886 49
745 931
856 68
748 50
87 992
791 998
515 992
206 429
353 79
10 760
49 342
514 312
746 817
608 690
456 447
954 418
899 383
224 75
261 858
157 665
159 63
658 650
54 771
861 433
82 56
694 339
607 706
479 675
650 669
297 947
172 73
444 678
620 591
915 531
589 408
625 935
742 254
410 741
950 491
592 531
148 17
756 302
977 463
206 779
190 396
262 916
489 757
641 144
695 349
509 746
627 59
111 138
269 193
167 932
209 246
816 858
998 438
845 33
777 833
119 284
138 781
13 655
803 565
554 373
20 297
389 156
663 873
599 135
765 763
971 356
955 847
833 347
299 675
215 527
716 48
410 75
22 641
259 305
260 30
354 209
799 471
815 332
193 85
798 538
855 607
821 859
512 420
540 351
648 191
98 234
62 273
815 317
670 592
196 803
816 773
805 503
753 910
2 484
240 39
179 132
752 194
862 139
715 423
477 40
351 531
784 860
625 438
18 540
936 39
645 577
650 893
353 107
460 905
101 733
144 74
645 28
278 901
163 820
749 926
632 557
317 722
176 970
455 899
732 247
418 907
206 218
483 883
301 830
747 274
620 540
505 739
975 258
172 45
873 456
279 433
624 38
644 599
290 32
916 220
154 595
211 542
827 275
34 61
256 239
650 403
82 721
360 51
198 983
894 688
94 772
702 455
301 642
837 976
968 897
609 913
976 124
191 215
358 844
416 195
329 870
906 493
539 727
132 263
354 403
579 182
35 980
290 637
176 294
175 714
284 121
527 47
971 145
679 160
377 732
999 711
636 771
783 198
790 678
23 333
431 216
913 169
127 361
826 982
84 188
529 473
571 674
10 862
541 594
549 103
476 341
828 733
296 979
749 775
300 523
980 101
819 289
303 752
952 766
420 444
50 177
359 185
987 752
35 223
37 437
404 904
225 189
135 872
357 936
672 636
713 64
732 804
469 826
657 917
277 247
633 153
281 236
245 675
317 758
512 624
956 746
900 811
560 844
262 260
712 919
374 884
782 113
157 355
802 888
585 376
309 344
96 283
134 93
500 565
817 349
69 190
877 613
637 37
252 5
73 910
94 736
793 389
243 506
906 236
963 981
301 742
12 799
949 10
898 856
613 925
885 984
815 689
835 175
892 68
252 491
661 503
743 947
651 513
545 6
255 307
640 318
695 728
67 850
333 567
942 927
673 442
912 670
711 294
646 832
991 54
763 63
969 940
416 828
880 369
751 598
922 634
133 497
118 209
502 176
804 634
662 520
848 622
890 25
835 888
17 233
715 414
678 230
406 421
597 926
339 898
641 956
605 483
683 717
481 85
101 644
139 427
13 462
785 381
254 354
404 573
775 606
779 667
982 842
715 589
19 946
404 940
191 825
711 796
917 362
685 254
944 312
104 549
767 286
448 599
343 286
769 163
440 615
738 520
429 337
859 804
92 141
189 997
582 552
784 511
750 574
806 892
128 115
664 165
580 25
751 10
59 917
695 376
518 211
599 924
180 318
143 170
146 762
845 60
683 417
868 995
837 936
935 15
850 549
82 955
346 836
402 50
111 452
136 154
800 865
783 24
125 744
740 411
494 239
238 936
880 230
71 248
643 395
810 376
710 465
269 21
752 167
550 110
700 351
717 663
422 413
867 246
10 903
541 617
280 684
126 619
967 339
573 56
689 948
818 16
641 521
144 111
143 851
455 925
258 507
560 679
619 68
68 454
451 470
456 416
455 818
331 864
261 817
33 938
729 693
864 412
93 806
44 238
7 506
263 12
853 860
324 14
491 759
423 330
230 872
889 936
768 833
497 967
918 923
229 24
67 437
840 115
876 881
915 899
916 168
20 101
255 599
724 717
673 949
785 967
25 634
355 735
928 613
788 209
995 399
902 169
725 634
137 481
708 872
639 964
572 66
678 640
310 516
630 649
850 521
238 772
726 156
803 901
597 417
713 631
200 785
792 545
721 397
99 49
249 508
865 730
421 108
446 369
192 876
563 271
783 274
398 820
419 138
792 767
460 597
83 754
144 798
736 728
2 404
14 771
463 199
100 643
984 22
107 153
269 906
342 704
442 462
633 817
248 273
726 570
892 790
732 283
757 144
867 496
923 290
102 367
113 729
770 414
291 140
864 346
112 479
70 344
771 775
940 886
825 541
211 338
874 254
582 199
197 875
327 369
871 799
841 856
572 728
223 892
334 191
7 111
135 442
768 813
73 695
628 167
941 382
335 531
543 478
132 813
537 145
479 932
81 125
284 694
291 270
378 64
494 35
77 969
775 264
764 133
871 675
638 698
734 821
953 50
96 717
295 366
336 220
781 860
530 604
911 233
881 304
972 969
830 507
800 826
531 954
345 190
627 677
939 289
958 31
483 125
963 679
86 202
454 814
937 256
701 487
562 943
378 252
380 886
751 573
496 79
902 721
625 191
153 593
400 261
773 844
374 403
250 165
307 470
734 403
629 359
961 853
894 951
499 950
807 430
500 348
62 767
909 158
801 893
474 819
499 668
157 830
448 942
396 390
451 827
438 777
349 482
847 103
154 240
211 385
816 963
829 781
822 675
913 645
989 178
576 473
174 903
119 893
546 545
509 109
625 780
95 60
3 538
297 889
906 681
231 672
694 280
438 474
828 598
206 934
617 797
488 839
414 83
846 118
519 52
522 360
6 137
906 907
656 129
907 478
49 716
684 816
508 9
128 7
95 571
966 850
405 997
65 636
617 63
587 979
418 336
630 983
721 9
501 737
983 393
422 443
886 764
840 11
838 883
87 293
659 156
109 520
455 193
38 875
890 610
948 70
753 154
610 613
973 405
173 801
134 553
653 535
925 338
873 513
584 588
549 710
930 584
697 799
593 642
42 152
302 430
947 951
288 264
643 430
769 895
844 277
667 308
705 121
875 425
954 214
972 433
900 406
761 322
743 630
486 741
397 140
274 729
408 667
136 650
315 195
602 517
496 728
351 618
374 665
206 454
978 359
110 867
961 595
158 613
451 509
288 803
20 526
573 358
296 750
888 392
728 753
305 96
162 747
185 570
405 69
672 549
999 285
196 478
159 234
141 587
242 652
261 518
724 980
610 340
585 394
586 981
462 970
589 498
736 42
366 853
495 51
341 665
841 737
551 570
205 122
902 416
209 127
163 602
203 537
722 311
727 74
472 582
199 493
298 229
117 868
208 64
9 177
65 790
473 348
721 373
635 856
897 798
216 506
307 805
345 154
697 109
864 650
320 424
711 372
273 806
976 355
118 272
981 926
378 197
195 521
749 82
914 41
649 426
368 499
369 782
705 980
302 458
276 362
680 758
553 264
184 485
847 618
403 581
248 536
744 765
329 684
982 683
680 645
753 881
681 236
188 420
528 585
895 815
491 29
791 992
593 793
671 931
652 426
982 629
58 635
961 910
505 378
92 302
553 196
58 746
206 290
465 676
463 433
823 100
359 192
359 632
438 241
83 130
727 693
196 419
29 899
167 610
224 60
154 859
769 142
951 142
893 965
37 686
722 102
542 901
817 186
610 129
841 780
492 808
970 616
849 361
873 99
447 464
984 772
971 730
521 543
849 250
544 872
586 683
772 936
81 417
891 496
764 866
532 104
91 200
110 84
578 762
371 616
543 680
413 403
143 62
368 674
848 92
189 460
251 127
488 347
167 277
479 7
467 583
711 344
860 834
75 442
131 508
39 735
351 89
578 15
708 670
322 369
714 607
472 158
700 542
57 516
592 473
929 584
843 14
628 808
916 946
757 972
919 365
282 786
246 67
818 832
636 991
32 821
31 635
787 967
554 838
541 588
924 372
896 905
714 128
888 627
780 283
340 482
527 574
171 192
187 369
465 631
232 774
323 593
965 930
841 236
455 896
577 698
780 121
784 124
412 853
862 709
790 38
59 40
779 877
120 42
345 971
969 129
326 518
702 905
742 446
232 435
875 731
767 985
897 989
880 691
993 884
559 92
745 251
746 68
910 837
513 237
626 558
642 779
113 577
223 652
561 217
615 362
46 611
228 229
599 982
450 171
747 707
640 135
604 840
328 723
916 60
280 278
651 825
980 955
289 216
398 514
806 615
935 65
596 959
777 867
561 532
203 783
117 973
744 121
179 294
297 429
18 571
40 608
699 755
151 916
189 321
742 695
912 692
541 722
696 107
125 687
769 993
937 263
830 218
29 808
35 820
640 626
627 962
114 531
479 281
282 967
782 8
994 434
155 236
504 954
718 821
61 402
615 663
373 88
139 560
696 423
606 110
398 563
917 513
974 722
614 597
69 192
820 628
495 602
81 754
278 52
390 530
174 133
838 156
732 951
839 621
608 653
625 545
992 812
495 971
791 270
79 8
453 1000
448 990
693 780
234 35
822 672
842 290
661 457
409 127
28 841
547 203
513 303
796 637
328 51
205 371
775 939
563 629
984 990
159 134
88 528
220 400
383 996
852 648
985 864
253 472
436 680
328 785
917 167
487 795
551 998
988 796
521 599
404 445
6 25
48 367
107 780
146 660
413 426
986 412
303 383
186 612
795 702
423 849
264 806
673 94
105 396
327 501
240 421
518 529
781 720
982 51
967 805
983 530
848 179
635 157
781 545
749 109
56 422
131 308
848 834
27 231
142 212
291 698
401 46
905 179
89 205
430 339
105 968
878 589
728 182
740 399
969 652
967 361
74 488
997 319
421 261
473 590
535 474
169 325
560 150
795 393
135 936
690 161
230 366
103 339
537 754
569 516
922 60
836 602
585 222
822 541
749 979
482 742
357 970
943 599
873 356
949 519
989 262
974 234
614 189
376 814
50 516
220 372
703 633
172 247
410 652
492 852
965 91
3 791
99 970
9 470
133 525
157 246
342 306
760 111
897 295
204 311
613 563
907 330
929 246
199 492
860 426
309 92
886 686
262 802
113 964
204 21
150 919
765 856
816 671
856 924
412 202
568 396
364 723
701 149
790 915
422 55
282 746
635 200
284 12
604 709
234 880
97 697
388 282
757 691
249 486
356 398
216 281
679 362
723 714
209 740
692 215
308 728
169 118
692 838
910 181
783 425
74 445
169 391
168 873
248 392
487 219
51 829
553 41
349 150
701 97
444 116
317 226
359 29
876 137
415 287
677 167
386 51
405 277
724 53
728 944
657 404
710 429
535 111
64 264
432 300
969 27
606 832
720 927
63 719
689 148
139 183
358 57
698 938
139 4
12 270
15 921
146 792
864 13
167 754
375 844
119 725
301 872
233 50
515 462
916 29
522 350
137 692
75 983
677 930
893 127
783 527
128 81
760 812
638 781
604 869
450 158
76 270
919 970
96 436
629 726
461 324
108 934
160 977
56 802
668 633
314 404
964 508
33 54
589 177
388 803
60 745
206 603
318 49
74 541
990 519
947 720
545 654
624 579
613 59
290 929
276 764
635 69
283 168
609 50
854 161
179 491
770 730
826 846
411 12
472 14
952 792
754 476
131 157
574 179
27 92
523 883
88 94
434 118
460 136
442 605
648 384
588 495
390 789
361 907
142 430
240 824
981 501
383 399
767 21
842 188
862 315
330 360
222 922
867 579
797 872
32 662
178 292
210 85
158 717
969 128
805 618
132 936
115 240
300 102
504 313
141 359
896 357
110 565
629 999
988 906
777 47
720 552
441 185
560 129
320 934
749 878
949 501
519 99
928 532
980 853
964 306
837 588
271 938
864 998
812 382
68 670
612 467
959 78
997 263
177 770
967 947
754 60
248 917
45 264
807 923
973 495
646 287
265 304
138 526
947 812
658 329
640 708
470 363
843 975
237 436
222 280
792 575
875 859
248 883
270 949
20 583
196 770
341 359
130 688
682 357
789 359
114 611
667 475
389 689
265 611
246 329
913 63
273 152
161 286
64 35
83 257
32 961
587 177
857 148
311 273
684 781
867 385
909 156
515 61
516 258
314 678
704 98
158 878
754 900
864 98
283 542
340 741
272 269
435 715
516 544
713 214
951 116
674 568
227 396
177 273
805 671
498 335
225 525
390 95
29 693
988 998
521 709
779 141
533 118
504 556
629 541
885 643
138 238
803 656
825 936
669 231
891 443
397 996
772 752
313 237
161 417
555 17
313 350
668 464
227 160
890 608
1000 480
682 389
70 542
548 922
200 744
994 642
118 266
104 324
364 69
826 663
947 52
80 477
355 213
636 802
963 530
433 515
455 374
94 178
578 231
65 472
47 88
766 832
692 867
658 79
145 32
936 309
455 263
870 738
173 594
971 744
433 493
763 265
278 247
481 505
162 916
461 569
974 494
300 889
83 123
619 93
68 493
966 450
644 578
757 455
376 94
675 300
288 916
389 738
340 616
343 283
760 859
811 557
577 899
934 877
85 832
306 667
237 645
970 235
105 19
290 103
954 974
846 80
119 534
724 692
362 533
881 515
608 325
717 413
39 241
448 252
155 988
