988 1040
239 12
211 105
978 291
889 337
677 742
679 88
34 737
765 534
383 125
269 136
510 86
749 938
611 27
504 756
705 437
467 371
515 598
421 715
165 748
395 60
416 466
718 833
90 126
86 583
251 75
557 339
386 35
793 232
522 35
653 644
941 939
293 926
421 190
635 340
891 155
611 429
268 301
958 756
443 978
216 282
52 331
788 861
456 526
92 239
883 688
700 417
220 899
772 2
480 93
821 728
512 1
101 334
579 643
16 612
837 486
290 763
143 885
577 193
461 78
647 304
533 624
885 940
734 754
927 576
705 641
660 973
938 584
288 379
55 901
732 92
614 107
585 444
304 349
921 985
638 125
711 359
563 687
925 160
336 239
120 844
310 476
178 340
632 756
930 94
75 330
409 772
629 220
488 851
795 51
21 8
556 246
601 448
166 727
609 9
460 555
10 128
250 114
459 428
580 107
249 87
680 654
57 363
775 32
183 499
129 184
917 40
580 301
376 696
700 923
487 529
542 249
525 511
746 291
363 818
335 794
324 518
640 257
16 534
7 684
650 528
683 860
556 511
385 274
549 15
651 518
265 626
606 356
597 908
263 774
169 103
138 872
546 125
66 60
828 91
638 494
574 99
650 499
513 48
785 811
131 962
283 816
401 629
277 196
691 777
948 485
373 652
520 660
632 959
515 419
375 126
591 45
483 620
950 856
122 697
344 636
248 849
890 659
235 476
306 189
294 436
702 561
359 133
894 479
972 286
255 313
528 750
531 123
784 888
512 413
53 661
776 594
97 834
194 70
726 54
243 784
395 959
337 864
966 42
674 682
219 461
954 223
519 466
822 61
45 819
857 866
410 80
242 698
271 588
687 91
128 315
676 28
192 15
867 77
899 160
36 292
299 97
189 973
429 840
344 427
530 170
924 37
363 685
274 951
103 163
254 865
828 636
826 209
432 932
252 390
871 39
850 105
920 260
840 370
895 578
288 296
294 272
779 131
651 32
642 125
86 194
662 567
776 610
190 78
333 473
790 369
146 283
352 491
709 760
625 162
94 387
755 514
132 940
170 827
831 628
623 393
521 949
511 244
774 805
151 883
283 622
861 265
818 954
395 410
340 588
826 555
544 402
456 711
648 348
788 292
107 236
685 704
491 77
124 789
742 338
782 656
887 124
930 875
712 778
501 296
577 111
175 486
385 965
266 987
336 103
71 379
70 369
45 831
699 790
242 700
926 443
960 384
866 403
865 476
611 726
940 768
36 754
233 872
672 216
61 10
756 896
117 958
381 439
845 456
451 676
365 917
952 498
174 542
638 866
500 96
193 325
107 737
272 629
440 834
676 287
572 908
397 669
594 640
7 618
18 185
884 152
674 482
291 404
571 346
540 131
107 67
69 494
554 590
615 386
945 919
591 275
67 484
634 204
922 312
792 243
718 927
307 161
884 888
506 23
723 186
125 531
879 736
140 582
87 258
480 972
743 804
518 660
824 77
843 602
300 823
289 894
156 838
90 132
203 871
120 221
720 874
644 947
25 623
126 649
287 805
648 238
186 602
90 892
896 177
854 882
287 984
737 489
673 749
984 940
792 363
691 895
353 920
336 354
305 297
531 742
797 361
907 956
235 573
142 687
428 766
42 666
439 652
578 675
8 91
399 869
92 281
184 106
81 303
683 112
94 833
233 739
602 251
687 690
832 886
46 760
661 158
204 287
59 740
192 519
432 793
783 449
329 710
921 297
764 755
728 980
283 768
924 511
47 973
855 319
158 21
445 662
875 716
849 267
598 111
261 429
672 98
938 719
585 651
10 848
634 747
46 642
445 180
193 738
521 941
540 318
921 93
144 649
917 737
531 410
553 54
572 374
261 472
3 959
265 619
616 594
283 293
270 99
392 742
264 187
953 327
930 603
468 368
220 453
690 512
983 133
473 356
865 236
823 177
559 532
718 82
435 10
676 155
362 882
214 648
257 138
164 971
409 554
659 767
170 965
937 436
513 535
400 201
333 591
948 893
314 648
420 891
159 515
773 412
373 451
10 67
812 515
266 712
405 21
753 809
334 901
76 146
905 469
879 94
255 686
890 457
841 471
975 348
323 169
629 312
925 792
750 393
778 86
22 288
155 471
886 729
800 415
851 774
822 918
50 312
982 858
109 400
104 810
641 969
252 58
281 610
938 576
52 143
927 798
581 456
407 211
272 406
739 886
18 592
408 753
67 676
440 869
353 516
453 307
74 615
183 78
180 595
520 495
286 664
477 240
880 904
341 902
677 261
360 780
527 724
472 838
664 448
519 504
535 339
533 457
573 455
9 580
513 39
638 729
250 799
281 48
962 19
61 893
186 599
343 779
440 699
607 362
623 544
570 604
813 779
296 30
186 869
73 235
794 138
121 418
367 78
106 681
933 373
778 863
492 788
272 774
621 590
604 503
414 866
675 852
612 750
219 228
891 787
788 263
542 573
840 647
872 508
513 161
748 712
668 575
77 9
830 846
804 197
519 6
121 319
275 420
158 61
291 277
735 204
759 67
248 11
255 461
756 603
340 488
375 571
96 445
515 411
775 866
314 56
354 550
141 898
475 926
705 727
381 685
342 783
603 185
675 444
659 470
667 575
544 713
30 964
176 184
763 699
856 9
838 548
245 564
142 336
157 466
545 697
172 555
725 828
385 539
835 50
338 762
267 928
8 830
517 148
736 581
458 73
393 740
205 329
947 490
822 766
361 921
937 13
959 338
32 244
582 682
973 223
141 496
180 935
937 987
436 499
968 529
216 854
984 651
479 864
667 823
389 255
905 638
520 460
898 104
442 483
199 705
775 452
373 662
611 626
817 726
782 349
808 28
904 113
637 25
544 456
469 621
406 149
860 722
633 701
373 437
229 144
949 411
648 545
453 743
531 17
116 448
726 787
264 792
374 455
879 393
125 270
689 641
105 870
917 973
35 430
317 230
865 274
311 766
557 823
349 18
289 474
41 297
515 475
33 373
550 706
890 499
491 230
825 815
31 20
411 767
257 224
918 330
358 944
610 26
112 273
502 765
358 541
159 9
255 5
662 847
684 787
843 384
269 732
172 343
25 89
464 974
14 9
606 589
938 869
147 124
726 568
793 383
476 829
241 206
422 801
99 587
620 504
960 927
406 294
233 37
646 497
66 110
211 564
60 870
976 167
876 469
453 324
660 812
749 98
335 217
168 769
523 137
910 198
816 738
95 251
151 526
735 228
590 463
524 267
189 738
905 236
345 970
193 952
918 631
153 920
976 98
48 151
49 689
126 43
650 199
249 80
461 807
596 115
182 801
165 195
98 251
946 65
566 212
776 547
648 760
294 71
890 20
489 436
734 413
174 678
218 104
70 294
686 890
6 55
313 148
98 207
226 979
977 592
530 670
464 337
597 254
51 678
776 460
228 59
595 404
513 475
804 414
141 689
919 871
256 87
500 328
67 378
236 918
57 919
181 532
423 53
216 287
394 721
7 99
565 311
876 249
247 791
698 745
173 603
711 652
556 797
172 452
576 197
163 718
377 660
648 913
398 809
651 742
632 308
691 456
666 952
74 325
109 946
925 338
82 473
935 166
942 272
886 944
847 15
778 751
376 81
292 183
717 519
102 571
372 879
316 972
470 63
497 935
844 73
973 15
163 392
425 496
864 176
833 100
777 18
291 369
826 844
769 20
174 784
198 612
608 768
360 973
492 379
419 566
313 466
858 96
93 863
409 326
206 961
190 69
372 336
434 255
545 925
904 343
80 587
709 159
427 363
589 942
804 81
932 110
269 507
504 334
247 975
220 275
701 230
800 145
588 346
907 169
841 54
536 698
337 244
797 107
840 584
672 639
101 674
26 825
488 782
748 39
322 30
826 503
801 430
290 841
828 540
170 115
835 450
122 361
82 868
967 892
934 985
459 689
699 158
833 167
723 225
978 171
474 748
115 703
714 529
486 198
313 806
517 621
805 678
457 245
125 706
913 315
831 480
820 447
916 397
66 976
147 83
399 665
633 741
924 873
317 406
836 695
727 629
960 69
781 787
349 260
895 31
711 20
543 363
453 676
343 554
381 261
329 742
419 845
389 805
373 424
775 215
595 632
494 147
833 737
263 560
125 653
686 373
922 673
404 655
811 185
58 89
96 156
721 178
153 912
27 87
128 729
461 979
820 218
713 265
730 932
121 545
914 41
457 345
805 560
107 485
320 814
453 588
537 710
578 116
725 141
273 376
261 409
68 44
522 169
303 531
94 382
342 798
217 490
963 281
387 556
658 928
767 627
199 877
306 27
603 589
276 605
393 144
561 291
930 795
468 840
957 472
226 322
905 942
141 212
137 492
821 846
742 137
400 560
345 670
133 197
53 128
982 624
447 470
349 171
970 47
897 325
232 613
683 321
953 449
142 974
662 299
792 310
638 857
617 904
204 131
51 245
668 677
576 731
630 386
80 490
427 709
205 19
326 670
398 600
408 728
341 498
118 193
814 674
188 409
150 704
674 305
143 780
782 194
836 148
481 944
417 660
906 908
687 38
555 929
856 685
511 471
69 261
895 131
311 647
664 127
520 452
154 879
160 33
922 917
841 699
708 435
823 499
360 150
570 541
37 658
158 979
426 923
944 724
269 361
696 235
258 421
280 863
419 867
753 169
47 537
103 91
925 896
626 2
609 494
181 973
308 664
358 645
173 441
893 942
828 858
10 444
