922 1640
69 713
434 374
658 867
861 872
202 423
903 519
360 594
749 488
236 61
864 232
829 517
578 858
225 546
784 472
525 557
802 146
514 616
732 471
419 152
189 249
335 901
636 409
378 751
276 388
531 323
65 703
568 881
528 789
643 913
91 675
790 318
902 178
301 419
791 192
190 115
248 214
230 593
657 292
134 618
341 547
91 68
571 171
8 69
384 858
817 498
417 850
112 739
765 269
126 371
459 198
498 407
499 351
394 615
768 312
228 694
389 763
4 905
337 362
156 521
323 613
533 304
918 108
336 130
559 362
529 504
657 195
62 59
505 612
236 455
241 586
492 905
492 598
113 783
760 424
318 430
525 761
720 128
575 2
427 911
195 773
125 230
877 289
807 570
278 204
584 574
822 370
111 745
738 24
758 512
582 338
327 833
169 630
541 289
7 128
321 823
400 190
361 627
330 190
496 650
337 800
873 886
435 98
236 785
311 719
315 191
744 229
527 251
876 372
108 449
325 411
148 49
885 371
87 619
92 764
237 442
493 737
257 883
498 434
726 191
879 557
572 560
647 422
660 648
170 380
335 401
726 921
232 120
251 820
509 628
392 691
223 764
81 520
675 266
752 904
253 437
829 695
262 524
249 675
665 453
589 140
921 913
206 740
20 784
725 557
137 12
225 41
817 658
147 538
212 583
788 431
790 874
494 822
192 469
908 443
125 884
330 793
917 451
918 681
832 48
758 615
543 153
179 907
626 138
827 442
769 552
419 444
282 653
689 891
119 120
751 887
812 460
408 325
253 312
410 11
333 907
726 797
116 402
748 189
32 702
133 767
320 922
131 425
919 576
756 806
758 29
557 723
382 801
865 662
228 17
896 336
642 697
872 591
834 282
90 916
581 363
64 194
282 261
658 680
148 881
870 626
448 239
456 789
148 285
651 142
544 452
267 185
841 217
894 557
201 122
536 179
310 546
668 125
309 603
774 219
229 759
727 217
645 492
408 346
46 155
119 755
88 316
758 886
907 218
4 880
181 333
386 797
705 694
190 405
24 781
541 516
893 187
809 212
477 239
654 10
380 304
394 730
212 149
359 603
394 685
592 833
611 841
597 235
209 342
624 204
773 190
642 669
183 901
277 320
885 140
460 326
402 894
138 191
211 92
105 463
523 443
836 117
485 97
154 898
677 157
715 38
716 424
21 271
919 176
152 519
444 605
84 433
682 13
148 643
585 784
289 870
476 602
849 366
620 622
782 415
362 177
344 252
326 60
365 602
67 70
493 288
67 640
79 841
362 855
723 739
317 78
666 506
46 589
450 298
611 14
336 632
706 196
191 412
341 564
885 601
411 554
801 860
290 184
416 179
787 859
543 345
243 556
173 211
50 798
347 87
197 275
676 909
908 662
278 47
690 103
268 644
213 714
176 17
486 422
803 352
38 160
792 388
814 506
579 860
797 141
141 575
180 177
678 912
576 758
726 908
5 128
912 53
51 638
808 835
51 824
10 439
179 153
914 284
141 109
19 250
493 847
117 94
48 794
741 740
136 397
456 686
280 66
589 809
359 328
913 655
790 857
440 264
876 171
478 366
898 635
168 908
621 624
252 529
705 558
378 446
395 884
178 380
533 582
222 909
79 721
563 13
474 761
537 477
334 101
873 277
727 470
262 145
636 473
308 44
717 707
15 240
282 643
287 56
694 616
255 441
846 599
126 99
665 716
673 233
915 331
239 177
350 539
692 724
453 755
203 378
22 914
722 521
543 446
852 848
306 65
236 591
373 764
258 70
55 609
757 614
530 246
614 166
479 186
619 538
417 234
673 921
326 804
441 512
66 600
659 126
739 537
780 295
175 479
638 77
236 558
482 372
82 273
708 109
70 699
720 403
719 453
326 129
277 126
832 6
298 277
659 650
474 332
94 614
240 721
101 528
9 687
598 251
620 812
178 283
242 883
225 647
325 707
461 164
748 901
551 426
333 223
208 77
652 707
530 534
61 43
499 184
513 387
191 696
748 171
532 740
922 760
652 545
48 447
817 775
304 526
638 210
857 854
312 94
316 445
428 569
752 597
257 32
72 429
857 379
568 876
426 674
560 465
691 179
127 592
277 803
601 239
98 764
806 867
218 712
510 74
868 245
569 842
234 415
666 128
405 92
320 877
728 463
68 250
638 657
401 556
740 193
245 467
430 266
12 814
694 205
777 535
488 156
181 786
149 313
685 791
282 180
412 74
286 297
587 227
882 784
79 775
668 647
509 17
683 395
61 393
570 478
277 28
453 368
79 202
580 429
156 47
156 660
412 65
215 410
186 144
269 606
690 848
696 646
53 23
790 645
738 247
433 592
255 449
534 372
904 919
319 142
712 42
901 123
561 827
228 257
591 197
115 231
680 588
737 256
4 692
647 809
837 234
381 532
679 77
366 775
674 884
916 187
455 713
475 576
231 358
72 351
204 785
492 591
742 682
597 151
909 657
699 648
278 362
117 306
534 76
132 593
549 118
808 635
665 759
138 746
749 684
880 695
743 714
835 176
283 671
766 135
380 243
329 871
168 642
388 168
788 615
296 92
888 688
396 769
642 252
210 218
525 198
396 62
533 134
78 29
864 365
405 868
678 197
168 792
355 45
526 441
586 364
549 120
74 88
813 691
300 522
727 472
124 56
441 351
908 531
356 720
368 761
909 701
3 862
79 188
706 749
216 300
568 65
180 338
507 674
333 332
588 600
679 292
723 652
482 623
615 134
566 894
259 611
174 7
379 429
182 263
884 552
405 44
245 685
178 13
669 815
491 222
523 672
141 691
309 305
475 70
242 839
654 739
732 716
869 710
728 656
222 670
333 905
264 144
917 640
430 220
133 39
631 552
900 404
789 821
621 269
215 604
442 66
213 107
915 820
679 322
86 250
580 371
249 447
199 402
398 838
262 716
53 862
231 648
866 581
888 501
156 101
843 296
807 774
62 331
545 678
712 327
716 874
864 221
740 189
615 288
880 898
348 547
244 636
228 803
907 504
475 279
523 168
119 395
234 146
434 903
609 422
97 540
133 897
188 551
445 90
330 156
817 693
166 816
561 338
179 285
553 616
236 116
102 598
30 258
124 105
125 85
473 717
737 339
477 237
460 107
558 174
745 613
322 561
822 739
536 381
475 510
167 801
244 63
895 662
273 364
535 396
120 116
868 603
341 880
896 318
739 901
830 865
376 7
32 814
35 577
201 252
62 915
817 365
106 35
342 320
418 871
898 742
353 215
853 247
197 793
74 821
718 341
497 186
887 519
268 738
273 391
628 661
457 565
794 35
210 295
670 316
34 25
420 767
735 917
499 917
117 462
224 614
9 350
261 203
697 348
77 393
425 564
655 693
99 231
653 213
362 741
297 658
736 373
223 243
99 407
476 781
302 625
643 42
84 297
606 338
150 217
818 834
822 719
644 535
231 763
708 191
276 278
744 363
908 665
588 420
164 633
181 517
240 207
703 574
133 418
390 560
190 813
374 707
430 650
110 414
590 345
563 889
382 900
813 566
60 124
747 133
519 307
409 884
907 213
853 710
780 746
451 666
776 439
374 17
692 321
759 743
121 668
271 247
293 166
690 912
239 883
424 784
98 433
217 767
416 793
311 814
403 517
771 302
916 272
59 890
617 609
724 195
580 386
563 756
751 22
220 606
575 275
145 844
55 449
114 533
631 429
442 643
514 917
365 379
789 830
205 817
620 521
584 473
685 504
869 497
405 433
870 783
895 797
255 434
370 549
480 493
49 120
197 667
400 750
790 266
645 66
432 771
723 853
81 683
160 783
857 671
896 793
294 771
688 309
86 417
789 537
815 537
198 62
385 489
633 879
371 768
711 1
360 627
827 776
742 46
817 891
379 564
911 194
808 222
165 492
791 855
740 16
268 304
52 453
402 97
332 482
300 866
755 888
455 563
102 570
640 604
698 216
25 319
834 853
37 416
865 678
315 521
834 433
196 906
165 216
733 104
537 261
773 428
749 104
214 388
914 392
475 892
407 158
528 837
474 188
825 151
337 74
505 697
759 411
12 360
17 296
632 432
318 584
856 345
160 464
474 135
385 299
743 532
90 471
592 125
267 469
503 748
883 862
121 95
68 143
268 428
877 730
753 468
842 879
884 489
138 675
857 9
200 110
243 16
759 331
190 66
345 544
273 662
130 825
313 808
614 826
887 857
727 211
36 261
3 1
651 288
447 822
410 510
399 37
916 497
885 110
230 285
766 116
602 141
512 328
687 510
602 617
452 410
685 233
357 701
547 152
663 43
576 243
760 400
529 195
738 644
541 497
543 509
455 152
682 236
594 890
707 585
325 322
630 601
249 591
126 808
311 750
518 664
666 464
766 685
913 210
521 322
299 284
725 29
564 288
437 203
724 784
121 880
275 401
227 171
320 870
800 560
400 403
183 871
681 588
135 896
283 78
488 459
235 841
146 369
288 674
2 640
897 63
822 62
240 491
297 207
600 858
56 493
380 113
914 473
246 467
126 677
786 82
164 821
630 373
460 597
745 576
320 192
519 115
298 206
445 738
568 160
234 547
491 589
224 411
576 160
890 840
229 236
305 257
256 304
870 913
871 887
180 602
112 10
850 357
245 349
781 699
858 421
401 311
439 141
42 35
64 886
858 795
639 359
185 38
367 351
841 261
142 233
145 849
296 313
530 613
146 913
914 602
257 296
683 1
151 902
124 243
72 505
852 180
39 188
207 208
360 536
554 16
33 681
822 107
917 807
455 296
612 619
830 507
844 869
612 55
540 225
398 477
1 479
380 633
142 72
99 662
909 560
823 533
777 869
488 857
15 45
716 366
221 776
238 158
314 768
445 832
317 651
728 217
582 610
732 411
364 784
751 868
204 630
708 156
636 593
269 483
677 486
144 52
275 516
724 508
83 492
290 219
755 328
833 89
355 269
854 396
640 434
906 913
549 297
921 3
544 444
37 300
798 729
307 555
175 693
422 296
578 127
581 181
17 469
368 666
123 751
151 731
695 682
898 415
883 71
224 728
300 357
415 249
346 784
901 802
494 392
650 757
815 263
305 336
218 633
327 169
81 742
485 530
856 534
380 549
14 316
275 358
556 45
335 772
373 706
105 656
900 236
533 679
258 876
499 598
508 651
469 683
475 801
565 624
57 329
540 501
234 467
732 374
834 642
615 124
66 899
657 17
532 506
475 884
565 48
918 781
39 801
498 632
177 319
416 134
877 188
453 917
644 696
575 693
817 690
656 230
364 160
273 600
575 538
487 828
644 308
516 513
918 734
33 631
64 621
255 47
207 136
734 655
214 340
863 683
781 760
383 141
75 667
561 374
114 773
139 23
864 214
25 361
410 622
293 754
9 734
541 272
156 795
264 356
304 681
577 110
677 120
367 781
173 894
356 436
857 860
396 104
110 529
403 38
315 335
847 797
344 247
917 284
666 28
886 581
905 541
67 92
68 342
768 548
376 363
617 14
191 905
804 356
312 825
121 533
912 632
838 79
622 875
337 29
358 830
129 503
352 248
579 446
377 685
621 551
644 191
800 672
283 692
503 127
784 324
399 501
313 730
501 133
654 905
132 615
575 104
90 901
678 308
827 618
256 151
576 287
88 831
307 223
505 218
696 888
454 237
863 756
26 89
815 172
565 469
697 402
223 559
781 530
393 337
86 166
896 905
514 37
255 96
773 483
66 671
731 121
307 36
169 203
815 196
125 112
290 720
664 691
330 363
899 563
590 21
809 479
846 131
261 700
468 762
306 908
743 67
613 237
871 798
821 496
72 28
290 207
628 49
166 208
505 625
561 72
432 132
275 133
630 324
244 519
775 101
401 740
240 829
486 863
419 121
62 185
823 80
132 805
298 467
376 452
514 675
491 462
901 450
448 27
428 660
70 573
550 577
687 125
477 651
148 827
477 508
193 55
268 108
830 766
145 648
700 868
1 250
862 500
93 788
21 861
23 585
417 807
824 353
869 511
88 913
712 438
824 208
695 130
270 552
569 124
193 475
88 890
72 382
585 858
574 201
80 40
188 758
9 695
234 340
886 533
377 446
34 520
143 414
168 436
166 867
561 298
782 820
414 882
755 885
149 633
595 531
880 726
685 488
371 544
834 856
728 256
618 547
151 587
663 155
750 261
508 626
588 762
204 409
653 615
846 470
353 920
354 6
84 792
475 519
4 791
406 903
875 607
690 392
416 87
453 649
771 857
131 428
259 739
297 271
299 124
658 423
526 214
91 782
555 552
186 630
557 549
305 579
586 570
420 735
648 235
209 25
541 81
49 582
783 20
215 43
350 811
497 341
298 142
273 625
497 147
222 655
247 669
224 202
468 16
348 107
51 290
847 645
817 400
320 449
138 734
794 162
316 885
225 869
908 158
490 544
108 503
290 868
285 141
702 731
647 206
632 337
188 586
494 227
304 844
467 392
832 856
841 769
282 831
769 93
826 595
738 890
207 324
103 652
253 649
716 633
757 734
441 544
850 166
326 691
845 44
477 647
795 405
69 589
625 213
723 576
86 35
151 637
499 452
666 69
10 18
582 674
861 398
899 58
685 683
688 145
653 556
283 354
257 81
479 271
812 229
376 418
885 346
889 9
398 102
537 320
592 416
918 199
153 532
351 921
587 231
311 880
332 864
500 372
546 609
144 192
475 229
370 501
795 828
293 748
786 386
481 440
869 255
765 617
256 140
687 201
304 293
32 541
362 380
145 274
372 354
779 482
875 483
53 639
479 547
89 267
273 873
612 719
788 709
739 155
339 499
415 499
224 268
902 738
709 283
880 839
718 801
894 922
94 31
448 189
380 613
314 538
835 629
699 29
226 635
689 163
899 865
828 547
691 524
772 909
132 428
131 636
261 128
779 440
317 84
712 393
259 82
305 72
397 674
257 336
3 385
706 42
637 748
847 177
531 598
636 715
68 308
165 184
6 343
237 576
218 530
649 417
877 624
398 897
311 821
521 913
126 122
168 598
886 826
770 303
310 28
789 98
138 905
656 20
200 762
39 355
352 59
314 574
850 105
601 712
824 361
736 918
418 29
201 411
239 183
210 782
65 462
840 617
108 607
293 246
497 909
207 400
209 17
710 265
364 205
595 110
206 838
169 677
828 760
369 690
210 886
670 64
896 787
777 715
831 408
9 703
430 770
915 8
185 299
245 214
392 566
569 730
85 179
565 249
865 346
792 539
483 670
512 37
800 149
457 169
539 240
133 761
781 147
200 346
426 715
211 263
431 629
749 101
683 436
106 482
15 411
58 1
791 753
830 308
820 701
729 557
271 178
618 43
444 115
508 16
832 236
742 825
492 740
882 180
756 749
667 513
66 735
783 309
8 323
643 85
359 264
877 768
493 428
203 209
705 695
579 705
673 465
895 748
271 893
60 557
854 734
